0 0.584 0.06020066889632107 0.584 0.44648829431438125 0.724 0.44648829431438125 0.724 0.06020066889632107
0 0.63 0.3277591973244147 0.63 0.7909698996655519 0.836 0.7909698996655519 0.836 0.3277591973244147
0 0.368 0.38294314381270905 0.368 0.9096989966555183 0.578 0.9096989966555183 0.578 0.38294314381270905
0 0.32 0.26755852842809363 0.32 0.7190635451505016 0.434 0.7190635451505016 0.434 0.26755852842809363
0 0.014 0.3712374581939799 0.014 0.8645484949832776 0.272 0.8645484949832776 0.272 0.3712374581939799
0 0.192 0.19899665551839466 0.192 0.6254180602006689 0.336 0.6254180602006689 0.336 0.19899665551839466
0 0.84 0.3779264214046823 0.84 0.7190635451505016 0.996 0.7190635451505016 0.996 0.3779264214046823
0 0.46 0.225752508361204 0.46 0.5702341137123745 0.558 0.5702341137123745 0.558 0.225752508361204
0 0.124 0.18896321070234115 0.124 0.5066889632107023 0.216 0.5066889632107023 0.216 0.18896321070234115
0 0.358 0.18561872909698995 0.358 0.3612040133779264 0.434 0.3612040133779264 0.434 0.18561872909698995
0 0.4 0 0.4 0.1454849498327759 0.502 0.1454849498327759 0.502 0
0 0.548 0 0.548 0.10535117056856187 0.636 0.10535117056856187 0.636 0
0 0.224 0.13377926421404682 0.224 0.3528428093645485 0.3 0.3528428093645485 0.3 0.13377926421404682