0 0.29 0.584 0.29 0.892 0.444 0.892 0.444 0.584
0 0.17 0.698 0.17 0.892 0.272 0.892 0.272 0.698
0 0.054 0.748 0.054 0.892 0.152 0.892 0.152 0.748
0 0.522 0.438 0.522 0.486 0.56 0.486 0.56 0.438
0 0.242 0.38 0.242 0.442 0.298 0.442 0.298 0.38
0 0.412 0.382 0.412 0.442 0.466 0.442 0.466 0.382
0 0.68 0.426 0.68 0.472 0.718 0.472 0.718 0.426
0 0.08 0.394 0.08 0.45 0.13 0.45 0.13 0.394
0 0.556 0.564 0.556 0.94 0.91 0.94 0.91 0.564
0 0.782 0.424 0.782 0.462 0.812 0.462 0.812 0.424
0 0.86 0.424 0.86 0.452 0.882 0.452 0.882 0.424
0 0.916 0.422 0.916 0.448 0.936 0.448 0.936 0.422