0 0.052 0.095952023988006 0.052 0.3238380809595202 0.152 0.3238380809595202 0.152 0.095952023988006
0 0.63 0.5247376311844077 0.63 0.9955022488755623 0.926 0.9955022488755623 0.926 0.5247376311844077
0 0.524 0.39430284857571213 0.524 0.800599700149925 0.77 0.800599700149925 0.77 0.39430284857571213
0 0.58 0.18290854572713644 0.58 0.4272863568215892 0.686 0.4272863568215892 0.686 0.18290854572713644
0 0.2 0.3853073463268366 0.2 0.8710644677661169 0.45 0.8710644677661169 0.45 0.3853073463268366
0 0.754 0.2938530734632684 0.754 0.6281859070464768 0.954 0.6281859070464768 0.954 0.2938530734632684
0 0.428 0.25487256371814093 0.428 0.6056971514242878 0.622 0.6056971514242878 0.622 0.25487256371814093
0 0.136 0.19940029985007496 0.136 0.5232383808095952 0.254 0.5232383808095952 0.254 0.19940029985007496
0 0.374 0.19790104947526238 0.374 0.5007496251874063 0.504 0.5007496251874063 0.504 0.19790104947526238
0 0.65 0.22938530734632684 0.65 0.5187406296851574 0.806 0.5187406296851574 0.806 0.22938530734632684
0 0.898 0.5787106446776612 0.898 0.8305847076461769 0.998 0.8305847076461769 0.998 0.5787106446776612
0 0.18 0.27586206896551724 0.18 0.638680659670165 0.346 0.638680659670165 0.346 0.27586206896551724
0 0.238 0.10944527736131934 0.238 0.3193403298350825 0.332 0.3193403298350825 0.332 0.10944527736131934
0 0.176 0.037481259370314844 0.176 0.15142428785607195 0.222 0.15142428785607195 0.222 0.037481259370314844
0 0.336 0.16041979010494753 0.336 0.4287856071964018 0.438 0.4287856071964018 0.438 0.16041979010494753
0 0.316 0.12893553223388307 0.316 0.36281859070464767 0.4 0.36281859070464767 0.4 0.12893553223388307
0 0.298 0.049475262368815595 0.298 0.19490254872563717 0.346 0.19490254872563717 0.346 0.049475262368815595
0 0.422 0.10644677661169415 0.422 0.20389805097451275 0.48 0.20389805097451275 0.48 0.10644677661169415
0 0.504 0.14842578710644677 0.504 0.34782608695652173 0.6 0.34782608695652173 0.6 0.14842578710644677