0 0.07 0.276 0.07 0.624 0.216 0.624 0.216 0.276
0 0.49 0.294 0.49 0.758 0.664 0.758 0.664 0.294
0 0.324 0.27 0.324 0.648 0.48 0.648 0.48 0.27
0 0.25 0.256 0.25 0.576 0.35 0.576 0.35 0.256
0 0.628 0.26 0.628 0.664 0.726 0.664 0.726 0.26
0 0.714 0.274 0.714 0.592 0.802 0.592 0.802 0.274
0 0 0.26 0 0.548 0.09 0.548 0.09 0.26
0 0.166 0.248 0.166 0.52 0.262 0.52 0.262 0.248
0 0.474 0.25 0.474 0.552 0.558 0.552 0.558 0.25
0 0.926 0.244 0.926 0.472 0.996 0.472 0.996 0.244
0 0.796 0.246 0.796 0.516 0.876 0.516 0.876 0.246
0 0.868 0.238 0.868 0.482 0.934 0.482 0.934 0.238