0 0.5172991071428571 0.34955312810327704 0.5172991071428571 0.464746772591857 0.5368303571428571 0.464746772591857 0.5368303571428571 0.34955312810327704
0 0.18805803571428573 0.43098311817279045 0.18805803571428573 0.5034756703078451 0.21037946428571427 0.5034756703078451 0.21037946428571427 0.43098311817279045
0 0.3510044642857143 0.6573982125124131 0.3510044642857143 0.7487586891757696 0.37723214285714285 0.7487586891757696 0.37723214285714285 0.6573982125124131
0 0.8582589285714286 0.48063555114200596 0.8582589285714286 0.5610724925521351 0.8844866071428571 0.5610724925521351 0.8844866071428571 0.48063555114200596
0 0.37779017857142855 0.7269116186693148 0.37779017857142855 0.8242303872889771 0.41183035714285715 0.8242303872889771 0.41183035714285715 0.7269116186693148
0 0.29799107142857145 0.6405163853028798 0.29799107142857145 0.7328699106256207 0.32979910714285715 0.7328699106256207 0.32979910714285715 0.6405163853028798
0 0.58984375 0.4011916583912612 0.58984375 0.46871896722939427 0.6160714285714286 0.46871896722939427 0.6160714285714286 0.4011916583912612
0 0.6668526785714286 0.4438927507447865 0.6668526785714286 0.5163853028798411 0.69140625 0.5163853028798411 0.69140625 0.4438927507447865
0 0.8409598214285714 0.4448857994041708 0.8409598214285714 0.5213505461767627 0.8621651785714286 0.5213505461767627 0.8621651785714286 0.4448857994041708
0 0.6127232142857143 0.6583912611717975 0.6127232142857143 0.7557100297914597 0.6389508928571429 0.7557100297914597 0.6389508928571429 0.6583912611717975
0 0.6356026785714286 0.6752730883813307 0.6356026785714286 0.7507447864945382 0.6501116071428571 0.7507447864945382 0.6501116071428571 0.6752730883813307
0 0.4525669642857143 0.29791459781529295 0.4525669642857143 0.35253227408143 0.46763392857142855 0.35253227408143 0.46763392857142855 0.29791459781529295
0 0.4486607142857143 0.2601787487586892 0.4486607142857143 0.3138033763654419 0.46484375 0.3138033763654419 0.46484375 0.2601787487586892
0 0.44308035714285715 0.21747765640516387 0.44308035714285715 0.26613704071499505 0.4603794642857143 0.26613704071499505 0.4603794642857143 0.21747765640516387
0 0.44140625 0.17775571002979146 0.44140625 0.2234359483614697 0.4564732142857143 0.2234359483614697 0.4564732142857143 0.17775571002979146
0 0.4380580357142857 0.14895729890764647 0.4380580357142857 0.1926514399205561 0.453125 0.1926514399205561 0.453125 0.14895729890764647
0 0.4375 0.11817279046673287 0.4375 0.15888778550148958 0.45089285714285715 0.15888778550148958 0.45089285714285715 0.11817279046673287
0 0.4330357142857143 0.09235352532274081 0.4330357142857143 0.13306852035749753 0.44308035714285715 0.13306852035749753 0.44308035714285715 0.09235352532274081
0 0.43080357142857145 0.070506454816286 0.43080357142857145 0.10824230387288977 0.4419642857142857 0.10824230387288977 0.4419642857142857 0.070506454816286
0 0.4291294642857143 0.041708043694141016 0.4291294642857143 0.07944389275074479 0.43861607142857145 0.07944389275074479 0.43861607142857145 0.041708043694141016
0 0.42857142857142855 0.021847070506454815 0.42857142857142855 0.05362462760675273 0.43638392857142855 0.05362462760675273 0.43638392857142855 0.021847070506454815
0 0.42578125 0.004965243296921549 0.42578125 0.033763654419066536 0.43359375 0.033763654419066536 0.43359375 0.004965243296921549