0 0.792 0.37866666666666665 0.792 0.7893333333333333 0.972 0.7893333333333333 0.972 0.37866666666666665
0 0.48 0.21066666666666667 0.48 0.43466666666666665 0.564 0.43466666666666665 0.564 0.21066666666666667
0 0.456 0.6373333333333333 0.456 0.9893333333333333 0.606 0.9893333333333333 0.606 0.6373333333333333
0 0.406 0.18133333333333335 0.406 0.37333333333333335 0.468 0.37333333333333335 0.468 0.18133333333333335
0 0.578 0.264 0.578 0.5493333333333333 0.678 0.5493333333333333 0.678 0.264
0 0.358 0.16 0.358 0.312 0.412 0.312 0.412 0.16
0 0.736 0.08533333333333333 0.736 0.288 0.798 0.288 0.798 0.08533333333333333
0 0.814 0.08266666666666667 0.814 0.288 0.888 0.288 0.888 0.08266666666666667
0 0.89 0.088 0.89 0.30666666666666664 0.988 0.30666666666666664 0.988 0.088
0 0.696 0.06133333333333333 0.696 0.24 0.744 0.24 0.744 0.06133333333333333
0 0.308 0.3546666666666667 0.308 0.6933333333333334 0.43 0.6933333333333334 0.43 0.3546666666666667
0 0.61 0.08533333333333333 0.61 0.23733333333333334 0.65 0.23733333333333334 0.65 0.08533333333333333
0 0.648 0.06666666666666667 0.648 0.22666666666666666 0.686 0.22666666666666666 0.686 0.06666666666666667
0 0.26 0.2613333333333333 0.26 0.47733333333333333 0.33 0.47733333333333333 0.33 0.2613333333333333
0 0.584 0.05333333333333334 0.584 0.18666666666666668 0.618 0.18666666666666668 0.618 0.05333333333333334
0 0.538 0.06133333333333333 0.538 0.192 0.572 0.192 0.572 0.06133333333333333
0 0.506 0.05333333333333334 0.506 0.168 0.526 0.168 0.526 0.05333333333333334
0 0.23 0.216 0.23 0.4053333333333333 0.272 0.4053333333333333 0.272 0.216
0 0.486 0.056 0.486 0.16 0.506 0.16 0.506 0.056