0 0.5474137931034483 0.25 0.5474137931034483 0.6681818181818182 0.7241379310344828 0.6681818181818182 0.7241379310344828 0.25
0 0.3232758620689655 0.39090909090909093 0.3232758620689655 0.9590909090909091 0.5689655172413793 0.9590909090909091 0.5689655172413793 0.39090909090909093
0 0.07327586206896551 0.10454545454545454 0.07327586206896551 0.38636363636363635 0.19827586206896552 0.38636363636363635 0.19827586206896552 0.10454545454545454
0 0.2025862068965517 0.2318181818181818 0.2025862068965517 0.6454545454545455 0.36637931034482757 0.6454545454545455 0.36637931034482757 0.2318181818181818
0 0.5301724137931034 0.14545454545454545 0.5301724137931034 0.45 0.6293103448275862 0.45 0.6293103448275862 0.14545454545454545
0 0.7629310344827587 0.15454545454545454 0.7629310344827587 0.4681818181818182 0.8836206896551724 0.4681818181818182 0.8836206896551724 0.15454545454545454
0 0.625 0.045454545454545456 0.625 0.25 0.7155172413793104 0.25 0.7155172413793104 0.045454545454545456
0 0.14655172413793102 0.031818181818181815 0.14655172413793102 0.2590909090909091 0.22844827586206898 0.2590909090909091 0.22844827586206898 0.031818181818181815
0 0.38362068965517243 0.022727272727272728 0.38362068965517243 0.2 0.4525862068965517 0.2 0.4525862068965517 0.022727272727272728
0 0.004310344827586207 0.4090909090909091 0.004310344827586207 0.8454545454545455 0.14224137931034483 0.8454545454545455 0.14224137931034483 0.4090909090909091
0 0.8706896551724138 0.3090909090909091 0.8706896551724138 0.65 0.9956896551724138 0.65 0.9956896551724138 0.3090909090909091
0 0.7025862068965517 0.09090909090909091 0.7025862068965517 0.35 0.7931034482758621 0.35 0.7931034482758621 0.09090909090909091
0 0.9008620689655172 0.09090909090909091 0.9008620689655172 0.3409090909090909 0.9956896551724138 0.3409090909090909 0.9956896551724138 0.09090909090909091
0 0.5474137931034483 0.013636363636363636 0.5474137931034483 0.15 0.5948275862068966 0.15 0.5948275862068966 0.013636363636363636
0 0.23706896551724138 0.022727272727272728 0.23706896551724138 0.21363636363636362 0.2974137931034483 0.21363636363636362 0.2974137931034483 0.022727272727272728
0 0.4698275862068966 0.05 0.4698275862068966 0.3090909090909091 0.5517241379310345 0.3090909090909091 0.5517241379310345 0.05
0 0 0.16818181818181818 0 0.5136363636363637 0.12931034482758622 0.5136363636363637 0.12931034482758622 0.16818181818181818