0 0.416 0.6212871287128713 0.416 0.8341584158415841 0.49 0.8341584158415841 0.49 0.6212871287128713
0 0.54 0.29207920792079206 0.54 0.4801980198019802 0.606 0.4801980198019802 0.606 0.29207920792079206
0 0.334 0.6014851485148515 0.334 0.8118811881188119 0.418 0.8118811881188119 0.418 0.6014851485148515
0 0.16 0.46782178217821785 0.16 0.5792079207920792 0.198 0.5792079207920792 0.198 0.46782178217821785
0 0.828 0.2722772277227723 0.828 0.5024752475247525 0.916 0.5024752475247525 0.916 0.2722772277227723
0 0.384 0.2896039603960396 0.384 0.49504950495049505 0.448 0.49504950495049505 0.448 0.2896039603960396
0 0.718 0.28217821782178215 0.718 0.504950495049505 0.786 0.504950495049505 0.786 0.28217821782178215
0 0.232 0.33663366336633666 0.232 0.39851485148514854 0.254 0.39851485148514854 0.254 0.33663366336633666
0 0.21 0.33663366336633666 0.21 0.400990099009901 0.232 0.400990099009901 0.232 0.33663366336633666
0 0.178 0.3341584158415842 0.178 0.400990099009901 0.208 0.400990099009901 0.208 0.3341584158415842
0 0.458 0.27722772277227725 0.458 0.4801980198019802 0.52 0.4801980198019802 0.52 0.27722772277227725
0 0.622 0.2747524752475248 0.622 0.504950495049505 0.692 0.504950495049505 0.692 0.2747524752475248