0 0.446 0.598 0.446 0.89 0.572 0.89 0.572 0.598
0 0.324 0.354 0.324 0.63 0.43 0.63 0.43 0.354
0 0.52 0.39 0.52 0.688 0.636 0.688 0.636 0.39
0 0.592 0.496 0.592 0.82 0.72 0.82 0.72 0.496
0 0.266 0.576 0.266 0.774 0.38 0.774 0.38 0.576
0 0.716 0.376 0.716 0.742 0.896 0.742 0.896 0.376
0 0.116 0.612 0.116 0.752 0.218 0.752 0.218 0.612
0 0.78 0.678 0.78 0.822 0.884 0.822 0.884 0.678
0 0.652 0.762 0.652 0.884 0.74 0.884 0.74 0.762
0 0.084 0.644 0.084 0.73 0.134 0.73 0.134 0.644
0 0.916 0.782 0.916 0.846 0.972 0.846 0.972 0.782
0 0.774 0.864 0.774 0.932 0.83 0.932 0.83 0.864
0 0.058 0.688 0.058 0.75 0.11 0.75 0.11 0.688
0 0.874 0.828 0.874 0.898 0.938 0.898 0.938 0.828
0 0.022 0.732 0.022 0.794 0.072 0.794 0.072 0.732
0 0.138 0.806 0.138 0.87 0.192 0.87 0.192 0.806
0 0.062 0.784 0.062 0.84 0.114 0.84 0.114 0.784
0 0.23 0.84 0.23 0.906 0.282 0.906 0.282 0.84
0 0.322 0.854 0.322 0.924 0.376 0.924 0.376 0.854
0 0.404 0.876 0.404 0.95 0.462 0.95 0.462 0.876
0 0.532 0.9 0.532 0.968 0.588 0.968 0.588 0.9
0 0.692 0.892 0.692 0.96 0.758 0.96 0.758 0.892