0 0.868 0.816 0.868 0.992 0.994 0.992 0.994 0.816
0 0.032 0.192 0.032 0.532 0.186 0.532 0.186 0.192
0 0.338 0.182 0.338 0.45 0.426 0.45 0.426 0.182
0 0.216 0.192 0.216 0.526 0.352 0.526 0.352 0.192
0 0.718 0.158 0.718 0.468 0.832 0.468 0.832 0.158
0 0.392 0.158 0.392 0.566 0.55 0.566 0.55 0.158
0 0.856 0.408 0.856 0.722 0.99 0.722 0.99 0.408
0 0.544 0.226 0.544 0.482 0.634 0.482 0.634 0.226
0 0.206 0.17 0.206 0.484 0.266 0.484 0.266 0.17
0 0.59 0.13 0.59 0.512 0.734 0.512 0.734 0.13
0 0.17 0.132 0.17 0.338 0.22 0.338 0.22 0.132