0 0.1 0.27886056971514245 0.1 0.5592203898050975 0.25 0.5592203898050975 0.25 0.27886056971514245
0 0.646 0.4662668665667166 0.646 0.8440779610194903 0.904 0.8440779610194903 0.904 0.4662668665667166
0 0.18 0.3598200899550225 0.18 0.6941529235382309 0.372 0.6941529235382309 0.372 0.3598200899550225
0 0.272 0.52023988005997 0.272 0.8755622188905547 0.534 0.8755622188905547 0.534 0.52023988005997
0 0.466 0.3823088455772114 0.466 0.7181409295352323 0.614 0.7181409295352323 0.614 0.3823088455772114
0 0.234 0.1889055472263868 0.234 0.487256371814093 0.362 0.487256371814093 0.362 0.1889055472263868
0 0.354 0.3028485757121439 0.354 0.5742128935532234 0.482 0.5742128935532234 0.482 0.3028485757121439
0 0.042 0.2143928035982009 0.042 0.4512743628185907 0.14 0.4512743628185907 0.14 0.2143928035982009
0 0.664 0.2863568215892054 0.664 0.5502248875562219 0.772 0.5502248875562219 0.772 0.2863568215892054
0 0.428 0.13793103448275862 0.428 0.4512743628185907 0.54 0.4512743628185907 0.54 0.13793103448275862
0 0.596 0.32533733133433285 0.596 0.5742128935532234 0.682 0.5742128935532234 0.682 0.32533733133433285
0 0.71 0.35082458770614694 0.71 0.6101949025487257 0.866 0.6101949025487257 0.866 0.35082458770614694
0 0.23 0.4362818590704648 0.23 0.808095952023988 0.47 0.808095952023988 0.47 0.4362818590704648
0 0.592 0.12593703148425786 0.592 0.3493253373313343 0.706 0.3493253373313343 0.706 0.12593703148425786
0 0.442 0.1934032983508246 0.442 0.4497751124437781 0.534 0.4497751124437781 0.534 0.1934032983508246