0 0.194 0.17866666666666667 0.194 0.48533333333333334 0.318 0.48533333333333334 0.318 0.17866666666666667
0 0.486 0.112 0.486 0.384 0.58 0.384 0.58 0.112
0 0.304 0.152 0.304 0.44266666666666665 0.408 0.44266666666666665 0.408 0.152
0 0.68 0.12266666666666666 0.68 0.4106666666666667 0.774 0.4106666666666667 0.774 0.12266666666666666
0 0.396 0.128 0.396 0.4026666666666667 0.492 0.4026666666666667 0.492 0.128
0 0.582 0.12266666666666666 0.582 0.3893333333333333 0.674 0.3893333333333333 0.674 0.12266666666666666
0 0.798 0.2773333333333333 0.798 0.6346666666666667 0.93 0.6346666666666667 0.93 0.2773333333333333
0 0.774 0.15466666666666667 0.774 0.44533333333333336 0.884 0.44533333333333336 0.884 0.15466666666666667
0 0 0.264 0 0.696 0.138 0.696 0.138 0.264
0 0.904 0.13066666666666665 0.904 0.5333333333333333 0.99 0.5333333333333333 0.99 0.13066666666666665
0 0.106 0.47733333333333333 0.106 0.776 0.236 0.776 0.236 0.47733333333333333
0 0.09 0.232 0.09 0.536 0.216 0.536 0.216 0.232