0 0.778 0.128 0.778 0.4 0.906 0.4 0.906 0.128
0 0.284 0.36 0.284 0.72 0.448 0.72 0.448 0.36
0 0.39 0.472 0.39 0.87 0.608 0.87 0.608 0.472
0 0.22 0.272 0.22 0.59 0.35 0.59 0.35 0.272
0 0.632 0.26 0.632 0.58 0.752 0.58 0.752 0.26
0 0.296 0.124 0.296 0.362 0.378 0.362 0.378 0.124
0 0.438 0.128 0.438 0.434 0.542 0.434 0.542 0.128
0 0.534 0.346 0.534 0.704 0.692 0.704 0.692 0.346
0 0.11 0.128 0.11 0.392 0.198 0.392 0.198 0.128
0 0.352 0.186 0.352 0.432 0.444 0.432 0.444 0.186
0 0.708 0.184 0.708 0.472 0.802 0.472 0.802 0.184
0 0.612 0.124 0.612 0.382 0.708 0.382 0.708 0.124
0 0.522 0.184 0.522 0.428 0.62 0.428 0.62 0.184
0 0.158 0.196 0.158 0.484 0.27 0.484 0.27 0.196