0 0.44363839285714285 0.9126117179741807 0.44363839285714285 0.9980139026812314 0.4654017857142857 0.9980139026812314 0.4654017857142857 0.9126117179741807
0 0.2109375 0.33664349553128103 0.2109375 0.39622641509433965 0.22767857142857142 0.39622641509433965 0.22767857142857142 0.33664349553128103
0 0.22042410714285715 0.3316782522343595 0.22042410714285715 0.38828202581926513 0.23214285714285715 0.38828202581926513 0.23214285714285715 0.3316782522343595
0 0.45870535714285715 0.7676266137040715 0.45870535714285715 0.8401191658391262 0.47935267857142855 0.8401191658391262 0.47935267857142855 0.7676266137040715
0 0.46316964285714285 0.8361469712015889 0.46316964285714285 0.8887785501489573 0.47488839285714285 0.8887785501489573 0.47488839285714285 0.8361469712015889
0 0.45703125 0.8917576961271102 0.45703125 0.9463753723932473 0.46595982142857145 0.9463753723932473 0.46595982142857145 0.8917576961271102
0 0.4693080357142857 0.7279046673286991 0.4693080357142857 0.7984111221449851 0.4877232142857143 0.7984111221449851 0.4877232142857143 0.7279046673286991
0 0.46763392857142855 0.689175769612711 0.46763392857142855 0.7547169811320755 0.48660714285714285 0.7547169811320755 0.48660714285714285 0.689175769612711
0 0.47544642857142855 0.6464746772591857 0.47544642857142855 0.7120158887785502 0.49330357142857145 0.7120158887785502 0.49330357142857145 0.6464746772591857
0 0.47879464285714285 0.6077457795431976 0.47879464285714285 0.6742800397219464 0.49441964285714285 0.6742800397219464 0.49441964285714285 0.6077457795431976
0 0.4838169642857143 0.5759682224428997 0.4838169642857143 0.6385302879841113 0.5 0.6385302879841113 0.5 0.5759682224428997
0 0.48046875 0.548162859980139 0.48046875 0.6037735849056604 0.49609375 0.6037735849056604 0.49609375 0.548162859980139
0 0.48828125 0.5114200595829196 0.48828125 0.5710029791459782 0.5033482142857143 0.5710029791459782 0.5033482142857143 0.5114200595829196
0 0.49330357142857145 0.47765640516385305 0.49330357142857145 0.5342601787487586 0.5061383928571429 0.5342601787487586 0.5061383928571429 0.47765640516385305
0 0.49497767857142855 0.4468718967229394 0.49497767857142855 0.5024826216484608 0.5089285714285714 0.5024826216484608 0.5089285714285714 0.4468718967229394
0 0.49609375 0.42204568023833167 0.49609375 0.47765640516385305 0.5111607142857143 0.47765640516385305 0.5111607142857143 0.42204568023833167
0 0.4994419642857143 0.3733862959285005 0.4994419642857143 0.42204568023833167 0.5133928571428571 0.42204568023833167 0.5133928571428571 0.3733862959285005
0 0.5055803571428571 0.34657398212512414 0.5055803571428571 0.394240317775571 0.5184151785714286 0.394240317775571 0.5184151785714286 0.34657398212512414
0 0.5050223214285714 0.3128103277060576 0.5050223214285714 0.365441906653426 0.5206473214285714 0.365441906653426 0.5206473214285714 0.3128103277060576
0 0.5083705357142857 0.2939424031777557 0.5083705357142857 0.33763654419066536 0.5239955357142857 0.33763654419066536 0.5239955357142857 0.2939424031777557
0 0.5094866071428571 0.27209533267130087 0.5094866071428571 0.30685203574975173 0.5200892857142857 0.30685203574975173 0.5200892857142857 0.27209533267130087
0 0.5128348214285714 0.21946375372393248 0.5128348214285714 0.2512413108242304 0.5245535714285714 0.2512413108242304 0.5245535714285714 0.21946375372393248