0 0.635 0.51 0.635 0.9816666666666667 0.7825 0.9816666666666667 0.7825 0.51
0 0.805 0.5266666666666666 0.805 0.9633333333333334 0.96 0.9633333333333334 0.96 0.5266666666666666
0 0.3075 0.5416666666666666 0.3075 0.9833333333333333 0.43875 0.9833333333333333 0.43875 0.5416666666666666
0 0.905 0.27 0.905 0.6416666666666667 0.9975 0.6416666666666667 0.9975 0.27
0 0.475 0.49833333333333335 0.475 0.9933333333333333 0.60375 0.9933333333333333 0.60375 0.49833333333333335
0 0.1 0.3883333333333333 0.1 0.8366666666666667 0.27 0.8366666666666667 0.27 0.3883333333333333
0 0.725 0.018333333333333333 0.725 0.37166666666666665 0.88 0.37166666666666665 0.88 0.018333333333333333
0 0.42875 0.12166666666666667 0.42875 0.4766666666666667 0.54875 0.4766666666666667 0.54875 0.12166666666666667
0 0.57 0.051666666666666666 0.57 0.40166666666666667 0.725 0.40166666666666667 0.725 0.051666666666666666
0 0.2675 0.17333333333333334 0.2675 0.5216666666666666 0.3775 0.5216666666666666 0.3775 0.17333333333333334
0 0.96 0.5433333333333333 0.96 0.8933333333333333 0.9975 0.8933333333333333 0.9975 0.5433333333333333