0 0.664 0.3963963963963964 0.664 0.7297297297297297 0.762 0.7297297297297297 0.762 0.3963963963963964
0 0.456 0.2852852852852853 0.456 0.47147147147147145 0.512 0.47147147147147145 0.512 0.2852852852852853
0 0.574 0.3483483483483483 0.574 0.6126126126126126 0.658 0.6126126126126126 0.658 0.3483483483483483
0 0.836 0.4954954954954955 0.836 0.9429429429429429 0.97 0.9429429429429429 0.97 0.4954954954954955
0 0.39 0.26126126126126126 0.39 0.4294294294294294 0.444 0.4294294294294294 0.444 0.26126126126126126
0 0.512 0.3063063063063063 0.512 0.5255255255255256 0.574 0.5255255255255256 0.574 0.3063063063063063
0 0.31 0.24324324324324326 0.31 0.39039039039039036 0.358 0.39039039039039036 0.358 0.24324324324324326
0 0.132 0.23123123123123124 0.132 0.34534534534534533 0.172 0.34534534534534533 0.172 0.23123123123123124
0 0.218 0.23423423423423423 0.218 0.3633633633633634 0.27 0.3633633633633634 0.27 0.23423423423423423
0 0.062 0.23723723723723725 0.062 0.3213213213213213 0.092 0.3213213213213213 0.092 0.23723723723723725
0 0.05 0.2222222222222222 0.05 0.2972972972972973 0.072 0.2972972972972973 0.072 0.2222222222222222
0 0.028 0.2042042042042042 0.028 0.3033033033033033 0.052 0.3033033033033033 0.052 0.2042042042042042