0 0.242 0.7341176470588235 0.242 0.9458823529411765 0.322 0.9458823529411765 0.322 0.7341176470588235
0 0.048 0.6705882352941176 0.048 0.9152941176470588 0.124 0.9152941176470588 0.124 0.6705882352941176
0 0.088 0.6964705882352941 0.088 0.8541176470588235 0.134 0.8541176470588235 0.134 0.6964705882352941
0 0.936 0.6329411764705882 0.936 0.731764705882353 0.972 0.731764705882353 0.972 0.6329411764705882
0 0.132 0.7294117647058823 0.132 0.9294117647058824 0.224 0.9294117647058824 0.224 0.7294117647058823
0 0.082 0.4541176470588235 0.082 0.5623529411764706 0.122 0.5623529411764706 0.122 0.4541176470588235
0 0.122 0.6611764705882353 0.122 0.8164705882352942 0.16 0.8164705882352942 0.16 0.6611764705882353
0 0.51 0.7388235294117647 0.51 0.8941176470588236 0.584 0.8941176470588236 0.584 0.7388235294117647
0 0.204 0.6823529411764706 0.204 0.8094117647058824 0.238 0.8094117647058824 0.238 0.6823529411764706
0 0.022 0.6847058823529412 0.022 0.8564705882352941 0.058 0.8564705882352941 0.058 0.6847058823529412
0 0.43 0.31058823529411766 0.43 0.36941176470588233 0.45 0.36941176470588233 0.45 0.31058823529411766
0 0.582 0.7364705882352941 0.582 0.8776470588235294 0.644 0.8776470588235294 0.644 0.7364705882352941