0 0.662 0.008 0.662 0.388 0.818 0.388 0.818 0.008
0 0 0.068 0 0.508 0.214 0.508 0.214 0.068
0 0.404 0.014 0.404 0.404 0.548 0.404 0.548 0.014
0 0.796 0.032 0.796 0.494 0.994 0.494 0.994 0.032
0 0.754 0.572 0.754 0.914 0.878 0.914 0.878 0.572
0 0.862 0.524 0.862 0.884 0.99 0.884 0.99 0.524
0 0.402 0.566 0.402 0.9 0.536 0.9 0.536 0.566
0 0.51 0.05 0.51 0.466 0.682 0.466 0.682 0.05
0 0.172 0.036 0.172 0.392 0.3 0.392 0.3 0.036
0 0.262 0.062 0.262 0.472 0.428 0.472 0.428 0.062
0 0.188 0.574 0.188 0.944 0.32 0.944 0.32 0.574
0 0.084 0.592 0.084 0.9 0.196 0.9 0.196 0.592
0 0.352 0.55 0.352 0.862 0.43 0.862 0.43 0.55
0 0.586 0.534 0.586 0.832 0.688 0.832 0.688 0.534
0 0.508 0.55 0.508 0.858 0.592 0.858 0.592 0.55
0 0.254 0.546 0.254 0.83 0.348 0.83 0.348 0.546
0 0.63 0.578 0.63 0.974 0.762 0.974 0.762 0.578
0 0.004 0.578 0.004 0.884 0.096 0.884 0.096 0.578