0 0.06566604127579738 0.3333333333333333 0.06566604127579738 0.8766666666666667 0.2045028142589118 0.8766666666666667 0.2045028142589118 0.3333333333333333
0 0.2589118198874296 0.36666666666666664 0.2589118198874296 0.88 0.38461538461538464 0.88 0.38461538461538464 0.36666666666666664
0 0.7692307692307693 0.19333333333333333 0.7692307692307693 0.5 0.8536585365853658 0.5 0.8536585365853658 0.19333333333333333
0 0.42401500938086306 0.4066666666666667 0.42401500938086306 0.9366666666666666 0.5459662288930581 0.9366666666666666 0.5459662288930581 0.4066666666666667
0 0.6303939962476548 0.06333333333333334 0.6303939962476548 0.31333333333333335 0.6679174484052532 0.31333333333333335 0.6679174484052532 0.06333333333333334
0 0.18574108818011256 0.22333333333333333 0.18574108818011256 0.62 0.2570356472795497 0.62 0.2570356472795497 0.22333333333333333
0 0.624765478424015 0.45 0.624765478424015 0.97 0.7560975609756098 0.97 0.7560975609756098 0.45
0 0.25140712945590993 0.17333333333333334 0.25140712945590993 0.5033333333333333 0.31144465290806755 0.5033333333333333 0.31144465290806755 0.17333333333333334
0 0.5384615384615384 0.23333333333333334 0.5384615384615384 0.6 0.5891181988742964 0.6 0.5891181988742964 0.23333333333333334
0 0.7542213883677298 0.11 0.7542213883677298 0.35333333333333333 0.8142589118198874 0.35333333333333333 0.8142589118198874 0.11
0 0.6078799249530957 0.12333333333333334 0.6078799249530957 0.3566666666666667 0.6341463414634146 0.3566666666666667 0.6341463414634146 0.12333333333333334
0 0.33583489681050654 0.27 0.33583489681050654 0.6833333333333333 0.4165103189493433 0.6833333333333333 0.4165103189493433 0.27
0 0.49343339587242024 0.30666666666666664 0.49343339587242024 0.7033333333333334 0.5647279549718575 0.7033333333333334 0.5647279549718575 0.30666666666666664
0 0.4333958724202627 0.16666666666666666 0.4333958724202627 0.44666666666666666 0.4878048780487805 0.44666666666666666 0.4878048780487805 0.16666666666666666
0 0.49530956848030017 0.1 0.49530956848030017 0.33 0.5384615384615384 0.33 0.5384615384615384 0.1
0 0.3227016885553471 0.14333333333333334 0.3227016885553471 0.4066666666666667 0.3677298311444653 0.4066666666666667 0.3677298311444653 0.14333333333333334