0 0.258 0.024324324324324326 0.258 0.3810810810810811 0.36 0.3810810810810811 0.36 0.024324324324324326
0 0.18 0.10270270270270271 0.18 0.4243243243243243 0.274 0.4243243243243243 0.274 0.10270270270270271
0 0.008 0.10540540540540541 0.008 0.44324324324324327 0.138 0.44324324324324327 0.138 0.10540540540540541
0 0.602 0.6324324324324324 0.602 0.9918918918918919 0.732 0.9918918918918919 0.732 0.6324324324324324
0 0.424 0.6405405405405405 0.424 0.9918918918918919 0.544 0.9918918918918919 0.544 0.6405405405405405
0 0.442 0.03783783783783784 0.442 0.24324324324324326 0.532 0.24324324324324326 0.532 0.03783783783783784
0 0.818 0.3027027027027027 0.818 0.6189189189189189 0.962 0.6189189189189189 0.962 0.3027027027027027
0 0.612 0.3027027027027027 0.612 0.6081081081081081 0.744 0.6081081081081081 0.744 0.3027027027027027
0 0.208 0.4756756756756757 0.208 0.7324324324324324 0.25 0.7324324324324324 0.25 0.4756756756756757
0 0.632 0.04054054054054054 0.632 0.26756756756756755 0.734 0.26756756756756755 0.734 0.04054054054054054
0 0.838 0.6405405405405405 0.838 0.981081081081081 0.95 0.981081081081081 0.95 0.6405405405405405
0 0.85 0.02972972972972973 0.85 0.26756756756756755 0.944 0.26756756756756755 0.944 0.02972972972972973
0 0.26 0.4702702702702703 0.26 0.7351351351351352 0.298 0.7351351351351352 0.298 0.4702702702702703
0 0.106 0.04054054054054054 0.106 0.34324324324324323 0.196 0.34324324324324323 0.196 0.04054054054054054
0 0.31 0.4810810810810811 0.31 0.727027027027027 0.346 0.727027027027027 0.346 0.4810810810810811
0 0.426 0.3891891891891892 0.426 0.5945945945945946 0.554 0.5945945945945946 0.554 0.3891891891891892
0 0.01 0.4918918918918919 0.01 0.7216216216216216 0.104 0.7216216216216216 0.104 0.4918918918918919
0 0.03 0.7756756756756756 0.03 0.972972972972973 0.1 0.972972972972973 0.1 0.7756756756756756