0 0.302 0.43466666666666665 0.302 0.9733333333333334 0.466 0.9733333333333334 0.466 0.43466666666666665
0 0.612 0.43466666666666665 0.612 0.984 0.782 0.984 0.782 0.43466666666666665
0 0.008 0.43466666666666665 0.008 0.9706666666666667 0.222 0.9706666666666667 0.222 0.43466666666666665
0 0.892 0.5306666666666666 0.892 0.96 0.996 0.96 0.996 0.5306666666666666
0 0.828 0.34933333333333333 0.828 0.736 0.972 0.736 0.972 0.34933333333333333
0 0.146 0.336 0.146 0.76 0.286 0.76 0.286 0.336
0 0.776 0.2826666666666667 0.776 0.6213333333333333 0.886 0.6213333333333333 0.886 0.2826666666666667
0 0.054 0.264 0.054 0.5253333333333333 0.156 0.5253333333333333 0.156 0.264
0 0.748 0.232 0.748 0.5013333333333333 0.832 0.5013333333333333 0.832 0.232
0 0.23 0.28 0.23 0.6133333333333333 0.324 0.6133333333333333 0.324 0.28
0 0.14 0.232 0.14 0.384 0.214 0.384 0.214 0.232
0 0.594 0.352 0.594 0.776 0.702 0.776 0.702 0.352
0 0.378 0.34933333333333333 0.378 0.7546666666666667 0.48 0.7546666666666667 0.48 0.34933333333333333
0 0.726 0.21333333333333335 0.726 0.44 0.782 0.44 0.782 0.21333333333333335
0 0.636 0.15733333333333333 0.636 0.272 0.67 0.272 0.67 0.15733333333333333
0 0.246 0.18666666666666668 0.246 0.288 0.28 0.288 0.28 0.18666666666666668