0 0.4654017857142857 0.6871896722939425 0.4654017857142857 0.7557100297914597 0.48604910714285715 0.7557100297914597 0.48604910714285715 0.6871896722939425
0 0.4252232142857143 0.5451837140019861 0.4252232142857143 0.6137040714995035 0.4453125 0.6137040714995035 0.4453125 0.5451837140019861
0 0.21037946428571427 0.32969215491559084 0.21037946428571427 0.3952333664349553 0.22823660714285715 0.3952333664349553 0.22823660714285715 0.32969215491559084
0 0.21763392857142858 0.33068520357497516 0.21763392857142858 0.38828202581926513 0.23158482142857142 0.38828202581926513 0.23158482142857142 0.33068520357497516
0 0.47488839285714285 0.6434955312810328 0.47488839285714285 0.7120158887785502 0.4927455357142857 0.7120158887785502 0.4927455357142857 0.6434955312810328
0 0.4765625 0.6077457795431976 0.4765625 0.6732869910625621 0.4955357142857143 0.6732869910625621 0.4955357142857143 0.6077457795431976
0 0.4838169642857143 0.579940417080437 0.4838169642857143 0.6395233366434955 0.5005580357142857 0.6395233366434955 0.5005580357142857 0.579940417080437
0 0.47767857142857145 0.5451837140019861 0.47767857142857145 0.605759682224429 0.49832589285714285 0.605759682224429 0.49832589285714285 0.5451837140019861
0 0.4877232142857143 0.5143992055610725 0.4877232142857143 0.5690168818272096 0.5027901785714286 0.5690168818272096 0.5027901785714286 0.5143992055610725
0 0.4927455357142857 0.4766633565044687 0.4927455357142857 0.535253227408143 0.5066964285714286 0.535253227408143 0.5066964285714286 0.4766633565044687
0 0.49441964285714285 0.44885799404170806 0.49441964285714285 0.5024826216484608 0.5094866071428571 0.5024826216484608 0.5094866071428571 0.44885799404170806
0 0.4955357142857143 0.42105263157894735 0.4955357142857143 0.4746772591857001 0.5106026785714286 0.4746772591857001 0.5106026785714286 0.42105263157894735
0 0.5055803571428571 0.3445878848063555 0.5055803571428571 0.3932472691161867 0.5178571428571429 0.3932472691161867 0.5178571428571429 0.3445878848063555
0 0.5044642857142857 0.31479642502482624 0.5044642857142857 0.365441906653426 0.5206473214285714 0.365441906653426 0.5206473214285714 0.31479642502482624
0 0.5061383928571429 0.28897715988083417 0.5061383928571429 0.3356504468718967 0.5228794642857143 0.3356504468718967 0.5228794642857143 0.28897715988083417
0 0.5072544642857143 0.2711022840119166 0.5072544642857143 0.3128103277060576 0.5217633928571429 0.3128103277060576 0.5217633928571429 0.2711022840119166