0 0.108 0.03216374269005848 0.108 0.4473684210526316 0.234 0.4473684210526316 0.234 0.03216374269005848
0 0.258 0.023391812865497075 0.258 0.45321637426900585 0.384 0.45321637426900585 0.384 0.023391812865497075
0 0.014 0.6140350877192983 0.014 0.8508771929824561 0.052 0.8508771929824561 0.052 0.6140350877192983
0 0.084 0.6608187134502924 0.084 0.9093567251461988 0.152 0.9093567251461988 0.152 0.6608187134502924
0 0.104 0.5380116959064327 0.104 0.7017543859649122 0.154 0.7017543859649122 0.154 0.5380116959064327
0 0.356 0.7222222222222222 0.356 0.9678362573099415 0.464 0.9678362573099415 0.464 0.7222222222222222
0 0.26 0.7046783625730995 0.26 0.956140350877193 0.348 0.956140350877193 0.348 0.7046783625730995
0 0.038 0.7543859649122807 0.038 0.9970760233918129 0.134 0.9970760233918129 0.134 0.7543859649122807
0 0.144 0.5935672514619883 0.144 0.804093567251462 0.188 0.804093567251462 0.188 0.5935672514619883
0 0.18 0.5526315789473685 0.18 0.7134502923976608 0.21 0.7134502923976608 0.21 0.5526315789473685
0 0.178 0.6491228070175439 0.178 0.8830409356725146 0.242 0.8830409356725146 0.242 0.6491228070175439
0 0.236 0.5994152046783626 0.236 0.7982456140350878 0.278 0.7982456140350878 0.278 0.5994152046783626
0 0.288 0.5584795321637427 0.288 0.7134502923976608 0.338 0.7134502923976608 0.338 0.5584795321637427
0 0.334 0.5555555555555556 0.334 0.6871345029239766 0.376 0.6871345029239766 0.376 0.5555555555555556
0 0.366 0.5760233918128655 0.366 0.7339181286549707 0.406 0.7339181286549707 0.406 0.5760233918128655
0 0.4 0.5526315789473685 0.4 0.6608187134502924 0.43 0.6608187134502924 0.43 0.5526315789473685
0 0.206 0.543859649122807 0.206 0.6637426900584795 0.226 0.6637426900584795 0.226 0.543859649122807