0 0.1625 0.155 0.1625 0.575 0.33 0.575 0.33 0.155
0 0.0075 0.145 0.0075 0.56 0.185 0.56 0.185 0.145
0 0.5075 0.2425 0.5075 0.645 0.6725 0.645 0.6725 0.2425
0 0.3275 0.26 0.3275 0.7425 0.485 0.7425 0.485 0.26
0 0.7875 0.115 0.7875 0.5875 0.95 0.5875 0.95 0.115
0 0.7775 0.4175 0.7775 0.7575 0.915 0.7575 0.915 0.4175
0 0.6275 0.17 0.6275 0.56 0.7425 0.56 0.7425 0.17
0 0.9475 0.225 0.9475 0.41 0.9975 0.41 0.9975 0.225
0 0.365 0 0.365 0.3075 0.4625 0.3075 0.4625 0
0 0.72 0.0025 0.72 0.3975 0.8 0.3975 0.8 0.0025
0 0.5825 0 0.5825 0.235 0.6725 0.235 0.6725 0