0 0.55 0.318 0.55 0.614 0.688 0.614 0.688 0.318
0 0.786 0.322 0.786 0.612 0.93 0.612 0.93 0.322
0 0.58 0.022 0.58 0.278 0.726 0.278 0.726 0.022
0 0.314 0.342 0.314 0.608 0.456 0.608 0.456 0.342
0 0.03 0.666 0.03 0.938 0.178 0.938 0.178 0.666
0 0.318 0.052 0.318 0.276 0.444 0.276 0.444 0.052
0 0.064 0.378 0.064 0.604 0.202 0.604 0.202 0.378
0 0.556 0.66 0.556 0.936 0.736 0.936 0.736 0.66
0 0.8 0.656 0.8 0.942 0.968 0.942 0.968 0.656
0 0.048 0.052 0.048 0.282 0.176 0.282 0.176 0.052
0 0.858 0.056 0.858 0.278 0.99 0.278 0.99 0.056
0 0.222 0.72 0.222 0.958 0.354 0.958 0.354 0.72