0 0.627254509018036 0.6735294117647059 0.627254509018036 0.8647058823529412 0.6993987975951904 0.8647058823529412 0.6993987975951904 0.6735294117647059
0 0.14428857715430862 0.5705882352941176 0.14428857715430862 0.7294117647058823 0.20240480961923848 0.7294117647058823 0.20240480961923848 0.5705882352941176
0 0 0.6470588235294118 0 0.8441176470588235 0.07615230460921844 0.8441176470588235 0.07615230460921844 0.6470588235294118
0 0.7915831663326653 0.8323529411764706 0.7915831663326653 0.9911764705882353 0.8617234468937875 0.9911764705882353 0.8617234468937875 0.8323529411764706
0 0.5731462925851704 0.5911764705882353 0.5731462925851704 0.7235294117647059 0.6192384769539078 0.7235294117647059 0.6192384769539078 0.5911764705882353
0 0.23246492985971945 0.5411764705882353 0.23246492985971945 0.6588235294117647 0.2745490981963928 0.6588235294117647 0.2745490981963928 0.5411764705882353
0 0.280561122244489 0.5176470588235295 0.280561122244489 0.6205882352941177 0.3166332665330661 0.6205882352941177 0.3166332665330661 0.5176470588235295
0 0.42084168336673344 0.5764705882352941 0.42084168336673344 0.6970588235294117 0.4649298597194389 0.6970588235294117 0.4649298597194389 0.5764705882352941
0 0.5390781563126252 0.5411764705882353 0.5390781563126252 0.6441176470588236 0.5731462925851704 0.6441176470588236 0.5731462925851704 0.5411764705882353
0 0.3226452905811623 0.5088235294117647 0.3226452905811623 0.5823529411764706 0.3466933867735471 0.5823529411764706 0.3466933867735471 0.5088235294117647
0 0.531062124248497 0.5264705882352941 0.531062124248497 0.5911764705882353 0.5470941883767535 0.5911764705882353 0.5470941883767535 0.5264705882352941
0 0.8016032064128257 0.5147058823529411 0.8016032064128257 0.5588235294117647 0.8176352705410822 0.5588235294117647 0.8176352705410822 0.5147058823529411
0 0.7735470941883767 0.5088235294117647 0.7735470941883767 0.5529411764705883 0.7895791583166333 0.5529411764705883 0.7895791583166333 0.5088235294117647
0 0.342685370741483 0.49117647058823527 0.342685370741483 0.5617647058823529 0.3587174348697395 0.5617647058823529 0.3587174348697395 0.49117647058823527
0 0.6232464929859719 0.47352941176470587 0.6232464929859719 0.5058823529411764 0.6372745490981964 0.5058823529411764 0.6372745490981964 0.47352941176470587