0 0.37667410714285715 0.3485600794438927 0.37667410714285715 0.4011916583912612 0.39341517857142855 0.4011916583912612 0.39341517857142855 0.3485600794438927
0 0.44252232142857145 0.9155908639523337 0.44252232142857145 0.997020854021847 0.46707589285714285 0.997020854021847 0.46707589285714285 0.9155908639523337
0 0.44029017857142855 0.3714001986097319 0.44029017857142855 0.4240317775571003 0.45870535714285715 0.4240317775571003 0.45870535714285715 0.3714001986097319
0 0.5027901785714286 0.2611717974180735 0.5027901785714286 0.3346573982125124 0.5228794642857143 0.3346573982125124 0.5228794642857143 0.2611717974180735
0 0.2109375 0.3435948361469712 0.2109375 0.39225422045680236 0.22544642857142858 0.39225422045680236 0.22544642857142858 0.3435948361469712
0 0.4681919642857143 0.3187686196623635 0.4681919642857143 0.37636544190665344 0.48270089285714285 0.37636544190665344 0.48270089285714285 0.3187686196623635
0 0.453125 0.3227408142999007 0.453125 0.3743793445878848 0.4681919642857143 0.3743793445878848 0.4681919642857143 0.3227408142999007
0 0.4927455357142857 0.4438927507447865 0.4927455357142857 0.49751737835153925 0.5078125 0.49751737835153925 0.5078125 0.4438927507447865
0 0.45703125 0.7616683217477657 0.45703125 0.8371400198609732 0.4799107142857143 0.8371400198609732 0.4799107142857143 0.7616683217477657
0 0.21875 0.33068520357497516 0.21875 0.381330685203575 0.23102678571428573 0.381330685203575 0.23102678571428573 0.33068520357497516
0 0.45591517857142855 0.8887785501489573 0.45591517857142855 0.9443892750744787 0.46763392857142855 0.9443892750744787 0.46763392857142855 0.8887785501489573
0 0.46205357142857145 0.8331678252234359 0.46205357142857145 0.8838133068520357 0.47488839285714285 0.8838133068520357 0.47488839285714285 0.8331678252234359
0 0.46875 0.7288977159880834 0.46875 0.7934458788480635 0.48660714285714285 0.7934458788480635 0.48660714285714285 0.7288977159880834
0 0.46651785714285715 0.6861966236345581 0.46651785714285715 0.7527308838133069 0.4877232142857143 0.7527308838133069 0.4877232142857143 0.6861966236345581
0 0.4760044642857143 0.6415094339622641 0.4760044642857143 0.7090367428003972 0.49441964285714285 0.7090367428003972 0.49441964285714285 0.6415094339622641
0 0.4765625 0.605759682224429 0.4765625 0.6713008937437934 0.49497767857142855 0.6713008937437934 0.49497767857142855 0.605759682224429
0 0.484375 0.5729890764647467 0.484375 0.6365441906653426 0.5005580357142857 0.6365441906653426 0.5005580357142857 0.5729890764647467
0 0.47879464285714285 0.5422045680238332 0.47879464285714285 0.6037735849056604 0.49720982142857145 0.6037735849056604 0.49720982142857145 0.5422045680238332
0 0.48828125 0.5094339622641509 0.48828125 0.5680238331678252 0.5027901785714286 0.5680238331678252 0.5027901785714286 0.5094339622641509
0 0.48604910714285715 0.4786494538232373 0.48604910714285715 0.5342601787487586 0.5055803571428571 0.5342601787487586 0.5055803571428571 0.4786494538232373
0 0.49609375 0.41807348560079444 0.49609375 0.4726911618669315 0.5122767857142857 0.4726911618669315 0.5122767857142857 0.41807348560079444
0 0.5569196428571429 0.3316782522343595 0.5569196428571429 0.3584905660377358 0.5870535714285714 0.3584905660377358 0.5870535714285714 0.3316782522343595
0 0.3325892857142857 0.33763654419066536 0.3325892857142857 0.3853028798411122 0.3470982142857143 0.3853028798411122 0.3470982142857143 0.33763654419066536
0 0.49888392857142855 0.3952333664349553 0.49888392857142855 0.45183714001986097 0.51171875 0.45183714001986097 0.51171875 0.3952333664349553