0 0.258 0.512 0.258 0.878 0.41 0.878 0.41 0.512
0 0.178 0.416 0.178 0.716 0.296 0.716 0.296 0.416
0 0.378 0.36 0.378 0.652 0.496 0.652 0.496 0.36
0 0.468 0.444 0.468 0.77 0.61 0.77 0.61 0.444
0 0.292 0.36 0.292 0.592 0.388 0.592 0.388 0.36
0 0.642 0.312 0.642 0.654 0.804 0.654 0.804 0.312
0 0.766 0.418 0.766 0.65 0.864 0.65 0.864 0.418
0 0.468 0.31 0.468 0.486 0.52 0.486 0.52 0.31
0 0.078 0.404 0.078 0.712 0.19 0.712 0.19 0.404
0 0.566 0.378 0.566 0.626 0.662 0.626 0.662 0.378
0 0.064 0.324 0.064 0.528 0.18 0.528 0.18 0.324