0 0.44 0.15 0.44 0.606 0.584 0.606 0.584 0.15
0 0.178 0.106 0.178 0.608 0.35 0.608 0.35 0.106
0 0.67 0.138 0.67 0.556 0.794 0.556 0.794 0.138
0 0.838 0.162 0.838 0.54 0.964 0.54 0.964 0.162
0 0.608 0.184 0.608 0.51 0.702 0.51 0.702 0.184
0 0.94 0.176 0.94 0.474 0.996 0.474 0.996 0.176
0 0.774 0.166 0.774 0.498 0.846 0.498 0.846 0.166
0 0.558 0.182 0.558 0.492 0.634 0.492 0.634 0.182
0 0.35 0.186 0.35 0.454 0.416 0.454 0.416 0.186
0 0.408 0.158 0.408 0.484 0.47 0.484 0.47 0.158
0 0.834 0.184 0.834 0.44 0.89 0.44 0.89 0.184