0 0.14 0.23466666666666666 0.14 0.7146666666666667 0.3 0.7146666666666667 0.3 0.23466666666666666
0 0 0.47733333333333333 0 0.9973333333333333 0.19 0.9973333333333333 0.19 0.47733333333333333
0 0.268 0.352 0.268 0.904 0.434 0.904 0.434 0.352
0 0.458 0.288 0.458 0.7333333333333333 0.6 0.7333333333333333 0.6 0.288
0 0.592 0.24266666666666667 0.592 0.6213333333333333 0.724 0.6213333333333333 0.724 0.24266666666666667
0 0.592 0.168 0.592 0.45066666666666666 0.666 0.45066666666666666 0.666 0.168
0 0.464 0.176 0.464 0.4826666666666667 0.56 0.4826666666666667 0.56 0.176
0 0.708 0.21866666666666668 0.708 0.5413333333333333 0.788 0.5413333333333333 0.788 0.21866666666666668
0 0.328 0.20266666666666666 0.328 0.5733333333333334 0.444 0.5733333333333334 0.444 0.20266666666666666
0 0.718 0.13866666666666666 0.718 0.304 0.768 0.304 0.768 0.13866666666666666
0 0.77 0.18666666666666668 0.77 0.45066666666666666 0.842 0.45066666666666666 0.842 0.18666666666666668
0 0.416 0.04533333333333334 0.416 0.112 0.442 0.112 0.442 0.04533333333333334
0 0.656 0.14666666666666667 0.656 0.36 0.72 0.36 0.72 0.14666666666666667
0 0.82 0.176 0.82 0.4053333333333333 0.88 0.4053333333333333 0.88 0.176
0 0.858 0.17066666666666666 0.858 0.3973333333333333 0.912 0.3973333333333333 0.912 0.17066666666666666