0 0.486 0.226 0.486 0.632 0.644 0.632 0.644 0.226
0 0.168 0.222 0.168 0.562 0.32 0.562 0.32 0.222
0 0.898 0.208 0.898 0.678 0.996 0.678 0.996 0.208
0 0.314 0.196 0.314 0.62 0.468 0.62 0.468 0.196
0 0.408 0.194 0.408 0.52 0.508 0.52 0.508 0.194
0 0.024 0.21 0.024 0.556 0.162 0.556 0.162 0.21
0 0.254 0.186 0.254 0.492 0.342 0.492 0.342 0.186
0 0.118 0.184 0.118 0.5 0.192 0.5 0.192 0.184
0 0.582 0.2 0.582 0.538 0.67 0.538 0.67 0.2
0 0.892 0.106 0.892 0.274 0.964 0.274 0.964 0.106
0 0 0.176 0 0.516 0.044 0.516 0.044 0.176
0 0.632 0.178 0.632 0.482 0.704 0.482 0.704 0.178
0 0.82 0.106 0.82 0.268 0.88 0.268 0.88 0.106
0 0.668 0.11 0.668 0.294 0.724 0.294 0.724 0.11
0 0.664 0.214 0.664 0.646 0.854 0.646 0.854 0.214