0 0.192 0.41043083900226757 0.192 0.9977324263038548 0.44 0.9977324263038548 0.44 0.41043083900226757
0 0.372 0.18820861678004536 0.372 0.5668934240362812 0.484 0.5668934240362812 0.484 0.18820861678004536
0 0.728 0.36507936507936506 0.728 0.9659863945578231 0.98 0.9659863945578231 0.98 0.36507936507936506
0 0.82 0.13151927437641722 0.82 0.4444444444444444 0.9 0.4444444444444444 0.9 0.13151927437641722
0 0.126 0.2585034013605442 0.126 0.7437641723356009 0.238 0.7437641723356009 0.238 0.2585034013605442
0 0.428 0.272108843537415 0.428 0.7551020408163265 0.616 0.7551020408163265 0.616 0.272108843537415
0 0.602 0.17913832199546487 0.602 0.562358276643991 0.726 0.562358276643991 0.726 0.17913832199546487
0 0.7 0.07936507936507936 0.7 0.3287981859410431 0.758 0.3287981859410431 0.758 0.07936507936507936
0 0.368 0.09070294784580499 0.368 0.2925170068027211 0.422 0.2925170068027211 0.422 0.09070294784580499
0 0.042 0.12018140589569161 0.042 0.41950113378684806 0.136 0.41950113378684806 0.136 0.12018140589569161
0 0.668 0.23356009070294784 0.668 0.6802721088435374 0.832 0.6802721088435374 0.832 0.23356009070294784
0 0.296 0.11564625850340136 0.296 0.3741496598639456 0.37 0.3741496598639456 0.37 0.11564625850340136
0 0.206 0.09297052154195011 0.206 0.4013605442176871 0.304 0.4013605442176871 0.304 0.09297052154195011
0 0.52 0.08390022675736962 0.52 0.31746031746031744 0.588 0.31746031746031744 0.588 0.08390022675736962
0 0.454 0.1383219954648526 0.454 0.2857142857142857 0.51 0.2857142857142857 0.51 0.1383219954648526
0 0.858 0.671201814058957 0.858 0.9841269841269841 0.994 0.9841269841269841 0.994 0.671201814058957