0 0.324 0.34933333333333333 0.324 0.9173333333333333 0.516 0.9173333333333333 0.516 0.34933333333333333
0 0.13 0.4693333333333333 0.13 0.832 0.248 0.832 0.248 0.4693333333333333
0 0.01 0.3893333333333333 0.01 0.9946666666666667 0.178 0.9946666666666667 0.178 0.3893333333333333
0 0.192 0.256 0.192 0.7146666666666667 0.32 0.7146666666666667 0.32 0.256
0 0.58 0.4 0.58 0.9893333333333333 0.76 0.9893333333333333 0.76 0.4
0 0.548 0 0.548 0.38666666666666666 0.626 0.38666666666666666 0.626 0
0 0.286 0.2773333333333333 0.286 0.5333333333333333 0.358 0.5333333333333333 0.358 0.2773333333333333
0 0.558 0.25866666666666666 0.558 0.7706666666666667 0.688 0.7706666666666667 0.688 0.25866666666666666
0 0.298 0.010666666666666666 0.298 0.288 0.388 0.288 0.388 0.010666666666666666
0 0.476 0.112 0.476 0.4533333333333333 0.548 0.4533333333333333 0.548 0.112
0 0.39 0.22933333333333333 0.39 0.7173333333333334 0.528 0.7173333333333334 0.528 0.22933333333333333
0 0.438 0.0026666666666666666 0.438 0.208 0.5 0.208 0.5 0.0026666666666666666
0 0.668 0 0.668 0.08 0.706 0.08 0.706 0
0 0.78 0.304 0.78 0.8346666666666667 0.912 0.8346666666666667 0.912 0.304
0 0.882 0.25866666666666666 0.882 0.7333333333333333 0.996 0.7333333333333333 0.996 0.25866666666666666