0 0.408 0.2144927536231884 0.408 0.7420289855072464 0.562 0.7420289855072464 0.562 0.2144927536231884
0 0.252 0.16521739130434782 0.252 0.6202898550724638 0.356 0.6202898550724638 0.356 0.16521739130434782
0 0.618 0.17391304347826086 0.618 0.6028985507246377 0.74 0.6028985507246377 0.74 0.17391304347826086
0 0.152 0.26956521739130435 0.152 0.8898550724637682 0.324 0.8898550724637682 0.324 0.26956521739130435
0 0.774 0.16231884057971013 0.774 0.5420289855072464 0.884 0.5420289855072464 0.884 0.16231884057971013
0 0.542 0.1391304347826087 0.542 0.4811594202898551 0.636 0.4811594202898551 0.636 0.1391304347826087
0 0.318 0.11014492753623188 0.318 0.42028985507246375 0.396 0.42028985507246375 0.396 0.11014492753623188
0 0 0.18840579710144928 0 0.6463768115942029 0.114 0.6463768115942029 0.114 0.18840579710144928
0 0.714 0.14782608695652175 0.714 0.4608695652173913 0.778 0.4608695652173913 0.778 0.14782608695652175
0 0.936 0.3072463768115942 0.936 0.5565217391304348 0.996 0.5565217391304348 0.996 0.3072463768115942
0 0.018 0.13333333333333333 0.018 0.4782608695652174 0.118 0.4782608695652174 0.118 0.13333333333333333
0 0.488 0.1565217391304348 0.488 0.5507246376811594 0.56 0.5507246376811594 0.56 0.1565217391304348
0 0.756 0.11594202898550725 0.756 0.39710144927536234 0.794 0.39710144927536234 0.794 0.11594202898550725