0 0.382 0.052 0.382 0.222 0.47 0.222 0.47 0.052
0 0.178 0.706 0.178 0.992 0.322 0.992 0.322 0.706
0 0.552 0.668 0.552 0.858 0.656 0.858 0.656 0.668
0 0.746 0.64 0.746 0.796 0.826 0.796 0.826 0.64
0 0.046 0.036 0.046 0.326 0.196 0.326 0.196 0.036
0 0.868 0.628 0.868 0.748 0.936 0.748 0.936 0.628
0 0.528 0.062 0.528 0.176 0.586 0.176 0.586 0.062
0 0.948 0.624 0.948 0.722 0.998 0.722 0.998 0.624
0 0.6 0.064 0.6 0.156 0.646 0.156 0.646 0.064
0 0.65 0.07 0.65 0.138 0.682 0.138 0.682 0.07
0 0.684 0.068 0.684 0.132 0.71 0.132 0.71 0.068