0 0.866 0.10163934426229508 0.866 0.5704918032786885 0.964 0.5704918032786885 0.964 0.10163934426229508
0 0.748 0.12459016393442623 0.748 0.6229508196721312 0.88 0.6229508196721312 0.88 0.12459016393442623
0 0.032 0.04918032786885246 0.032 0.3442622950819672 0.118 0.3442622950819672 0.118 0.04918032786885246
0 0.63 0.14098360655737704 0.63 0.7049180327868853 0.766 0.7049180327868853 0.766 0.14098360655737704
0 0.494 0.18032786885245902 0.494 0.8163934426229508 0.64 0.8163934426229508 0.64 0.18032786885245902
0 0.144 0.4426229508196721 0.144 0.9672131147540983 0.274 0.9672131147540983 0.274 0.4426229508196721
0 0.304 0.01639344262295082 0.304 0.25901639344262295 0.364 0.25901639344262295 0.364 0.01639344262295082
0 0.274 0.36721311475409835 0.274 0.9967213114754099 0.43 0.9967213114754099 0.43 0.36721311475409835
0 0.22 0.02622950819672131 0.22 0.28852459016393445 0.292 0.28852459016393445 0.292 0.02622950819672131
0 0.118 0.2786885245901639 0.118 0.6131147540983607 0.184 0.6131147540983607 0.184 0.2786885245901639
0 0.134 0.03278688524590164 0.134 0.3180327868852459 0.204 0.3180327868852459 0.204 0.03278688524590164
0 0.37 0.3180327868852459 0.37 0.6885245901639344 0.448 0.6885245901639344 0.448 0.3180327868852459
0 0.46 0.3639344262295082 0.46 0.6557377049180327 0.524 0.6557377049180327 0.524 0.3639344262295082
0 0.416 0.24918032786885247 0.416 0.5606557377049181 0.472 0.5606557377049181 0.472 0.24918032786885247
0 0.186 0.3180327868852459 0.186 0.5508196721311476 0.25 0.5508196721311476 0.25 0.3180327868852459
0 0.36 0.21311475409836064 0.36 0.43934426229508194 0.396 0.43934426229508194 0.396 0.21311475409836064
0 0.604 0.3114754098360656 0.604 0.5836065573770491 0.638 0.5836065573770491 0.638 0.3114754098360656