0 0.774 0.5297029702970297 0.774 0.9678217821782178 0.944 0.9678217821782178 0.944 0.5297029702970297
0 0.112 0.4628712871287129 0.112 0.8044554455445545 0.244 0.8044554455445545 0.244 0.4628712871287129
0 0.582 0.5198019801980198 0.582 0.9306930693069307 0.738 0.9306930693069307 0.738 0.5198019801980198
0 0.912 0.3613861386138614 0.912 0.5792079207920792 0.974 0.5792079207920792 0.974 0.3613861386138614
0 0.352 0.4430693069306931 0.352 0.7599009900990099 0.448 0.7599009900990099 0.448 0.4430693069306931
0 0.782 0.36386138613861385 0.782 0.5717821782178217 0.846 0.5717821782178217 0.846 0.36386138613861385
0 0.418 0.4975247524752475 0.418 0.8935643564356436 0.56 0.8935643564356436 0.56 0.4975247524752475
0 0.254 0.48267326732673266 0.254 0.8613861386138614 0.382 0.8613861386138614 0.382 0.48267326732673266
0 0.56 0.4084158415841584 0.56 0.6806930693069307 0.622 0.6806930693069307 0.622 0.4084158415841584
0 0.186 0.38613861386138615 0.186 0.6311881188118812 0.244 0.6311881188118812 0.244 0.38613861386138615
0 0.23 0.42326732673267325 0.23 0.7128712871287128 0.294 0.7128712871287128 0.294 0.42326732673267325
0 0.082 0.3910891089108911 0.082 0.6212871287128713 0.144 0.6212871287128713 0.144 0.3910891089108911
0 0.308 0.3935643564356436 0.308 0.6212871287128713 0.364 0.6212871287128713 0.364 0.3935643564356436
0 0.62 0.3688118811881188 0.62 0.5445544554455446 0.658 0.5445544554455446 0.658 0.3688118811881188
0 0.504 0.36386138613861385 0.504 0.754950495049505 0.582 0.754950495049505 0.582 0.36386138613861385
0 0.404 0.3564356435643564 0.404 0.5198019801980198 0.44 0.5198019801980198 0.44 0.3564356435643564
0 0.45 0.3341584158415842 0.45 0.4282178217821782 0.476 0.4282178217821782 0.476 0.3341584158415842
0 0.19 0.30198019801980197 0.19 0.3886138613861386 0.214 0.3886138613861386 0.214 0.30198019801980197
0 0.4 0.30445544554455445 0.4 0.38613861386138615 0.422 0.38613861386138615 0.422 0.30445544554455445
0 0.43 0.33663366336633666 0.43 0.41089108910891087 0.452 0.41089108910891087 0.452 0.33663366336633666
0 0.642 0.4306930693069307 0.642 0.8316831683168316 0.762 0.8316831683168316 0.762 0.4306930693069307
0 0.51 0.3613861386138614 0.51 0.5321782178217822 0.552 0.5321782178217822 0.552 0.3613861386138614
0 0.282 0.2995049504950495 0.282 0.36386138613861385 0.302 0.36386138613861385 0.302 0.2995049504950495
0 0.586 0.31435643564356436 0.586 0.40594059405940597 0.61 0.40594059405940597 0.61 0.31435643564356436
0 0.324 0.30445544554455445 0.324 0.3589108910891089 0.342 0.3589108910891089 0.342 0.30445544554455445