0 0.838 0.12 0.838 0.492 0.986 0.492 0.986 0.12
0 0.162 0.124 0.162 0.458 0.284 0.458 0.284 0.124
0 0.66 0.132 0.66 0.55 0.854 0.55 0.854 0.132
0 0.266 0.13 0.266 0.54 0.406 0.54 0.406 0.13
0 0.548 0.126 0.548 0.476 0.678 0.476 0.678 0.126
0 0.072 0.13 0.072 0.412 0.188 0.412 0.188 0.13
0 0.38 0.144 0.38 0.63 0.582 0.63 0.582 0.144
0 0.364 0.11 0.364 0.31 0.418 0.31 0.418 0.11
0 0.664 0.102 0.664 0.35 0.746 0.35 0.746 0.102
0 0.236 0.116 0.236 0.314 0.294 0.314 0.294 0.116
0 0.012 0.114 0.012 0.354 0.102 0.354 0.102 0.114
0 0.83 0.112 0.83 0.386 0.914 0.386 0.914 0.112
0 0.67 0.104 0.67 0.446 0.802 0.446 0.802 0.104
0 0.39 0.124 0.39 0.418 0.458 0.418 0.458 0.124
0 0.968 0.102 0.968 0.334 0.998 0.334 0.998 0.102