0 0.398 0.38 0.398 0.746 0.55 0.746 0.55 0.38
0 0 0.332 0 0.556 0.05 0.556 0.05 0.332
0 0.73 0.346 0.73 0.612 0.818 0.612 0.818 0.346
0 0.258 0.362 0.258 0.664 0.394 0.664 0.394 0.362
0 0.574 0.426 0.574 0.864 0.76 0.864 0.76 0.426
0 0.102 0.346 0.102 0.624 0.226 0.624 0.226 0.346
0 0.192 0.318 0.192 0.546 0.28 0.546 0.28 0.318
0 0.262 0.308 0.262 0.472 0.312 0.472 0.312 0.308
0 0.032 0.326 0.032 0.586 0.118 0.586 0.118 0.326
0 0.876 0.334 0.876 0.574 0.952 0.574 0.952 0.334
0 0.394 0.296 0.394 0.468 0.45 0.468 0.45 0.296
0 0.77 0.398 0.77 0.778 0.93 0.778 0.93 0.398
0 0.35 0.314 0.35 0.512 0.412 0.512 0.412 0.314
0 0.548 0.3 0.548 0.48 0.6 0.48 0.6 0.3
0 0.922 0.418 0.922 0.702 0.996 0.702 0.996 0.418
0 0.574 0.364 0.574 0.666 0.666 0.666 0.666 0.364
0 0.716 0.3 0.716 0.52 0.774 0.52 0.774 0.3
0 0.674 0.304 0.674 0.444 0.724 0.444 0.724 0.304
0 0.944 0.316 0.944 0.53 0.998 0.53 0.998 0.316
0 0.81 0.308 0.81 0.404 0.864 0.404 0.864 0.308
0 0.71 0.268 0.71 0.354 0.74 0.354 0.74 0.268