0 0.812 0.42133333333333334 0.812 0.68 0.912 0.68 0.912 0.42133333333333334
0 0.506 0.432 0.506 0.7066666666666667 0.596 0.7066666666666667 0.596 0.432
0 0.124 0.456 0.124 0.7146666666666667 0.224 0.7146666666666667 0.224 0.456
0 0.386 0.4533333333333333 0.386 0.7013333333333334 0.474 0.7013333333333334 0.474 0.4533333333333333
0 0.662 0.3973333333333333 0.662 0.5866666666666667 0.73 0.5866666666666667 0.73 0.3973333333333333
0 0.262 0.43466666666666665 0.262 0.7013333333333334 0.35 0.7013333333333334 0.35 0.43466666666666665
0 0.762 0.37866666666666665 0.762 0.5493333333333333 0.804 0.5493333333333333 0.804 0.37866666666666665
0 0.19 0.448 0.19 0.6533333333333333 0.246 0.6533333333333333 0.246 0.448
0 0.788 0.392 0.788 0.5813333333333334 0.842 0.5813333333333334 0.842 0.392
0 0.358 0.41333333333333333 0.358 0.5946666666666667 0.408 0.5946666666666667 0.408 0.41333333333333333
0 0.32 0.424 0.32 0.6266666666666667 0.376 0.6266666666666667 0.376 0.424
0 0.442 0.42933333333333334 0.442 0.6213333333333333 0.49 0.6213333333333333 0.49 0.42933333333333334
0 0.246 0.424 0.246 0.6053333333333333 0.288 0.6053333333333333 0.288 0.424
0 0.626 0.36 0.626 0.4666666666666667 0.656 0.4666666666666667 0.656 0.36
0 0.546 0.36 0.546 0.44 0.57 0.44 0.57 0.36
0 0.658 0.3626666666666667 0.658 0.4533333333333333 0.678 0.4533333333333333 0.678 0.3626666666666667