0 0.488 0.5546666666666666 0.488 0.9573333333333334 0.626 0.9573333333333334 0.626 0.5546666666666666
0 0.644 0.6186666666666667 0.644 0.9973333333333333 0.792 0.9973333333333333 0.792 0.6186666666666667
0 0.376 0.5413333333333333 0.376 0.864 0.482 0.864 0.482 0.5413333333333333
0 0.268 0.504 0.268 0.792 0.388 0.792 0.388 0.504
0 0.824 0.4106666666666667 0.824 0.784 0.958 0.784 0.958 0.4106666666666667
0 0.644 0.19466666666666665 0.644 0.5013333333333333 0.732 0.5013333333333333 0.732 0.19466666666666665
0 0.556 0.288 0.556 0.47733333333333333 0.614 0.47733333333333333 0.614 0.288
0 0.066 0.4026666666666667 0.066 0.648 0.142 0.648 0.142 0.4026666666666667
0 0.374 0.26666666666666666 0.374 0.424 0.414 0.424 0.414 0.26666666666666666
0 0.764 0.216 0.764 0.536 0.864 0.536 0.864 0.216
0 0.488 0.34933333333333333 0.488 0.616 0.572 0.616 0.572 0.34933333333333333
0 0.6 0.45866666666666667 0.6 0.6773333333333333 0.68 0.6773333333333333 0.68 0.45866666666666667
0 0.124 0.42133333333333334 0.124 0.6853333333333333 0.21 0.6853333333333333 0.21 0.42133333333333334
0 0.384 0.3626666666666667 0.384 0.6133333333333333 0.472 0.6133333333333333 0.472 0.3626666666666667
0 0.48 0.272 0.48 0.45066666666666666 0.528 0.45066666666666666 0.528 0.272
0 0 0.312 0 0.6346666666666667 0.072 0.6346666666666667 0.072 0.312
0 0.284 0.2613333333333333 0.284 0.4026666666666667 0.32 0.4026666666666667 0.32 0.2613333333333333
0 0.198 0.4666666666666667 0.198 0.7386666666666667 0.292 0.7386666666666667 0.292 0.4666666666666667
0 0.174 0.30666666666666664 0.174 0.5173333333333333 0.23 0.5173333333333333 0.23 0.30666666666666664
0 0.242 0.2986666666666667 0.242 0.544 0.31 0.544 0.31 0.2986666666666667
0 0.302 0.32266666666666666 0.302 0.568 0.39 0.568 0.39 0.32266666666666666
0 0.124 0.28 0.124 0.5066666666666667 0.18 0.5066666666666667 0.18 0.28
0 0.87 0.688 0.87 0.9973333333333333 0.994 0.9973333333333333 0.994 0.688
0 0.438 0.26666666666666666 0.438 0.44 0.474 0.44 0.474 0.26666666666666666
0 0.176 0.192 0.176 0.38666666666666666 0.234 0.38666666666666666 0.234 0.192
0 0.066 0.29333333333333333 0.066 0.472 0.13 0.472 0.13 0.29333333333333333
0 0.7 0.496 0.7 0.7333333333333333 0.796 0.7333333333333333 0.796 0.496
0 0.324 0.256 0.324 0.416 0.37 0.416 0.37 0.256
0 0.136 0.18666666666666668 0.136 0.36 0.178 0.36 0.178 0.18666666666666668
0 0.944 0.22133333333333333 0.944 0.5946666666666667 0.998 0.5946666666666667 0.998 0.22133333333333333