0 0.18 0.4266666666666667 0.18 0.7638095238095238 0.338 0.7638095238095238 0.338 0.4266666666666667
0 0.624 0.2780952380952381 0.624 0.5295238095238095 0.75 0.5295238095238095 0.75 0.2780952380952381
0 0.62 0.7390476190476191 0.62 0.940952380952381 0.714 0.940952380952381 0.714 0.7390476190476191
0 0.484 0.22285714285714286 0.484 0.4114285714285714 0.58 0.4114285714285714 0.58 0.22285714285714286
0 0.068 0.8266666666666667 0.068 0.9961904761904762 0.16 0.9961904761904762 0.16 0.8266666666666667
0 0.404 0.18666666666666668 0.404 0.3504761904761905 0.486 0.3504761904761905 0.486 0.18666666666666668
0 0.712 0.7238095238095238 0.712 0.8914285714285715 0.788 0.8914285714285715 0.788 0.7238095238095238
0 0.492 0.7638095238095238 0.492 0.9904761904761905 0.606 0.9904761904761905 0.606 0.7638095238095238
0 0.248 0.14857142857142858 0.248 0.24 0.298 0.24 0.298 0.14857142857142858
0 0.302 0.1619047619047619 0.302 0.26285714285714284 0.348 0.26285714285714284 0.348 0.1619047619047619
0 0.912 0.6971428571428572 0.912 0.820952380952381 0.968 0.820952380952381 0.968 0.6971428571428572
0 0.856 0.7028571428571428 0.856 0.8361904761904762 0.908 0.8361904761904762 0.908 0.7028571428571428
0 0.792 0.7142857142857143 0.792 0.8590476190476191 0.858 0.8590476190476191 0.858 0.7142857142857143
0 0.328 0.7885714285714286 0.328 0.9904761904761905 0.454 0.9904761904761905 0.454 0.7885714285714286
0 0.172 0.13142857142857142 0.172 0.21714285714285714 0.22 0.21714285714285714 0.22 0.13142857142857142
0 0.096 0.1219047619047619 0.096 0.2038095238095238 0.138 0.2038095238095238 0.138 0.1219047619047619
0 0.012 0.1180952380952381 0.012 0.18476190476190477 0.05 0.18476190476190477 0.05 0.1180952380952381
0 0.35 0.16952380952380952 0.35 0.29904761904761906 0.404 0.29904761904761906 0.404 0.16952380952380952