0 0.73 0.44227886056971516 0.73 0.7166416791604198 0.932 0.7166416791604198 0.932 0.44227886056971516
0 0.596 0.5217391304347826 0.596 0.7961019490254873 0.742 0.7961019490254873 0.742 0.5217391304347826
0 0.294 0.41529235382308843 0.294 0.6431784107946027 0.44 0.6431784107946027 0.44 0.41529235382308843
0 0.522 0.4362818590704648 0.522 0.6926536731634183 0.646 0.6926536731634183 0.646 0.4362818590704648
0 0.086 0.616191904047976 0.086 0.7331334332833583 0.196 0.7331334332833583 0.196 0.616191904047976
0 0.248 0.5862068965517241 0.248 0.7496251874062968 0.368 0.7496251874062968 0.368 0.5862068965517241
0 0.434 0.6116941529235382 0.434 0.8245877061469266 0.574 0.8245877061469266 0.574 0.6116941529235382
0 0.8 0.679160419790105 0.8 0.823088455772114 0.928 0.823088455772114 0.928 0.679160419790105
0 0.656 0.7376311844077961 0.656 0.8425787106446777 0.766 0.8425787106446777 0.766 0.7376311844077961
0 0.532 0.848575712143928 0.532 0.9070464767616192 0.596 0.9070464767616192 0.596 0.848575712143928
0 0.798 0.823088455772114 0.798 0.8770614692653673 0.858 0.8770614692653673 0.858 0.823088455772114
0 0.95 0.7586206896551724 0.95 0.808095952023988 0.998 0.808095952023988 0.998 0.7586206896551724
0 0.152 0.6266866566716641 0.152 0.6701649175412294 0.188 0.6701649175412294 0.188 0.6266866566716641
0 0.056 0.6431784107946027 0.056 0.6986506746626686 0.102 0.6986506746626686 0.102 0.6431784107946027
0 0.11 0.7736131934032984 0.11 0.8260869565217391 0.166 0.8260869565217391 0.166 0.7736131934032984
0 0.522 0.10344827586206896 0.522 0.21739130434782608 0.64 0.21739130434782608 0.64 0.10344827586206896
0 0.202 0.7991004497751124 0.202 0.856071964017991 0.266 0.856071964017991 0.266 0.7991004497751124
0 0.908 0.7961019490254873 0.908 0.8500749625187406 0.968 0.8500749625187406 0.968 0.7961019490254873
0 0.394 0.8320839580209896 0.394 0.889055472263868 0.458 0.889055472263868 0.458 0.8320839580209896
0 0.026 0.7556221889055472 0.026 0.8065967016491754 0.082 0.8065967016491754 0.082 0.7556221889055472
0 0.152 0.6086956521739131 0.152 0.6476761619190404 0.2 0.6476761619190404 0.2 0.6086956521739131
0 0.242 0.5187406296851574 0.242 0.6911544227886057 0.372 0.6911544227886057 0.372 0.5187406296851574
0 0.426 0.4917541229385307 0.426 0.7181409295352323 0.564 0.7181409295352323 0.564 0.4917541229385307
0 0.158 0.7301349325337332 0.158 0.7781109445277361 0.216 0.7781109445277361 0.216 0.7301349325337332
0 0.022 0.6821589205397302 0.022 0.7301349325337332 0.082 0.7301349325337332 0.082 0.6821589205397302