0 0.3419354838709677 0.24034334763948498 0.3419354838709677 0.8283261802575107 0.5129032258064516 0.8283261802575107 0.5129032258064516 0.24034334763948498
0 0.9 0.18025751072961374 0.9 0.5622317596566524 0.9935483870967742 0.5622317596566524 0.9935483870967742 0.18025751072961374
0 0.7774193548387097 0.2017167381974249 0.7774193548387097 0.6437768240343348 0.9193548387096774 0.6437768240343348 0.9193548387096774 0.2017167381974249
0 0.5258064516129032 0.18025751072961374 0.5258064516129032 0.6781115879828327 0.6612903225806451 0.6781115879828327 0.6612903225806451 0.18025751072961374
0 0.7258064516129032 0.16738197424892703 0.7258064516129032 0.5450643776824035 0.8193548387096774 0.5450643776824035 0.8193548387096774 0.16738197424892703
0 0.6451612903225806 0.17167381974248927 0.6451612903225806 0.5708154506437768 0.7387096774193549 0.5708154506437768 0.7387096774193549 0.17167381974248927
0 0.2 0.1630901287553648 0.2 0.6223175965665236 0.2903225806451613 0.6223175965665236 0.2903225806451613 0.1630901287553648
0 0.06774193548387097 0.1459227467811159 0.06774193548387097 0.4721030042918455 0.14193548387096774 0.4721030042918455 0.14193548387096774 0.1459227467811159
0 0 0.15021459227467812 0 0.45064377682403434 0.07741935483870968 0.45064377682403434 0.07741935483870968 0.15021459227467812
0 0.43870967741935485 0.17167381974248927 0.43870967741935485 0.5708154506437768 0.5129032258064516 0.5708154506437768 0.5129032258064516 0.17167381974248927
0 0.12903225806451613 0.15879828326180256 0.12903225806451613 0.51931330472103 0.20967741935483872 0.51931330472103 0.20967741935483872 0.15879828326180256
0 0.27419354838709675 0.21888412017167383 0.27419354838709675 0.7381974248927039 0.36451612903225805 0.7381974248927039 0.36451612903225805 0.21888412017167383
0 0.5129032258064516 0.15450643776824036 0.5129032258064516 0.5021459227467812 0.5806451612903226 0.5021459227467812 0.5806451612903226 0.15450643776824036