0 0.452 0.062 0.452 0.46 0.636 0.46 0.636 0.062
0 0.732 0.05 0.732 0.45 0.928 0.45 0.928 0.05
0 0.23 0.204 0.23 0.46 0.386 0.46 0.386 0.204
0 0.252 0.632 0.252 0.962 0.426 0.962 0.426 0.632
0 0.678 0.534 0.678 0.832 0.81 0.832 0.81 0.534
0 0.496 0.538 0.496 0.84 0.608 0.84 0.608 0.538
0 0.81 0.62 0.81 0.912 0.942 0.912 0.942 0.62
0 0.172 0.524 0.172 0.842 0.29 0.842 0.29 0.524
0 0.694 0.796 0.694 0.994 0.814 0.994 0.814 0.796
0 0.044 0.284 0.044 0.462 0.192 0.462 0.192 0.284
0 0.572 0.612 0.572 0.952 0.708 0.952 0.708 0.612
0 0.044 0.522 0.044 0.698 0.102 0.698 0.102 0.522
0 0.9 0.512 0.9 0.8 0.996 0.8 0.996 0.512
0 0.124 0.516 0.124 0.762 0.198 0.762 0.198 0.516
0 0.084 0.512 0.084 0.726 0.15 0.726 0.15 0.512
0 0.014 0.526 0.014 0.682 0.056 0.682 0.056 0.526