0 0.366 0.3673469387755102 0.366 0.8049886621315193 0.61 0.8049886621315193 0.61 0.3673469387755102
0 0.766 0.47165532879818595 0.766 0.8117913832199547 0.95 0.8117913832199547 0.95 0.47165532879818595
0 0.936 0.018140589569160998 0.936 0.16780045351473924 0.998 0.16780045351473924 0.998 0.018140589569160998
0 0.496 0.013605442176870748 0.496 0.10204081632653061 0.544 0.10204081632653061 0.544 0.013605442176870748
0 0.458 0.034013605442176874 0.458 0.10204081632653061 0.496 0.10204081632653061 0.496 0.034013605442176874
0 0.156 0.027210884353741496 0.156 0.1111111111111111 0.206 0.1111111111111111 0.206 0.027210884353741496
0 0.116 0.045351473922902494 0.116 0.13378684807256236 0.168 0.13378684807256236 0.168 0.045351473922902494
0 0.558 0.034013605442176874 0.558 0.09523809523809523 0.59 0.09523809523809523 0.59 0.034013605442176874
0 0.082 0.02947845804988662 0.082 0.11564625850340136 0.124 0.11564625850340136 0.124 0.02947845804988662
0 0.664 0.05668934240362812 0.664 0.10430839002267574 0.702 0.10430839002267574 0.702 0.05668934240362812
0 0.62 0.03854875283446712 0.62 0.09297052154195011 0.654 0.09297052154195011 0.654 0.03854875283446712
0 0.624 0.10884353741496598 0.624 0.16326530612244897 0.66 0.16326530612244897 0.66 0.10884353741496598