0 0.222 0.388 0.222 0.8 0.39 0.8 0.39 0.388
0 0.452 0.41 0.452 0.782 0.622 0.782 0.622 0.41
0 0.38 0.038 0.38 0.376 0.526 0.376 0.526 0.038
0 0.55 0.062 0.55 0.384 0.686 0.384 0.686 0.062
0 0.006 0.4 0.006 0.786 0.18 0.786 0.18 0.4
0 0.83 0.514 0.83 0.77 0.97 0.77 0.97 0.514
0 0.194 0.014 0.194 0.374 0.362 0.374 0.362 0.014
0 0.26 0.798 0.26 0.984 0.38 0.984 0.38 0.798
0 0.706 0.086 0.706 0.382 0.854 0.382 0.854 0.086
0 0.654 0.404 0.654 0.784 0.81 0.784 0.81 0.404
0 0.006 0.002 0.006 0.38 0.178 0.38 0.178 0.002
0 0.404 0.794 0.404 0.972 0.512 0.972 0.512 0.794
0 0.534 0.796 0.534 0.98 0.658 0.98 0.658 0.796
0 0.678 0.8 0.678 0.984 0.788 0.984 0.788 0.8
0 0.858 0.08 0.858 0.36 0.99 0.36 0.99 0.08