0 0.576 0.41950113378684806 0.576 0.6235827664399093 0.65 0.6235827664399093 0.65 0.41950113378684806
0 0.204 0.47392290249433106 0.204 0.6689342403628118 0.288 0.6689342403628118 0.288 0.47392290249433106
0 0.788 0.4852607709750567 0.788 0.8956916099773242 0.936 0.8956916099773242 0.936 0.4852607709750567
0 0.102 0.46485260770975056 0.102 0.6666666666666666 0.196 0.6666666666666666 0.196 0.46485260770975056
0 0.91 0.31065759637188206 0.91 0.5804988662131519 0.986 0.5804988662131519 0.986 0.31065759637188206
0 0.71 0.2494331065759637 0.71 0.46258503401360546 0.784 0.46258503401360546 0.784 0.2494331065759637
0 0.006 0.5419501133786848 0.006 0.7619047619047619 0.09 0.7619047619047619 0.09 0.5419501133786848
0 0.358 0.25396825396825395 0.358 0.41950113378684806 0.42 0.41950113378684806 0.42 0.25396825396825395
0 0.926 0.41950113378684806 0.926 0.7165532879818595 0.998 0.7165532879818595 0.998 0.41950113378684806
0 0.646 0.4489795918367347 0.646 0.6009070294784581 0.684 0.6009070294784581 0.684 0.4489795918367347
0 0.026 0.46485260770975056 0.026 0.6507936507936508 0.094 0.6507936507936508 0.094 0.46485260770975056
0 0.654 0.49206349206349204 0.654 0.7301587301587301 0.736 0.7301587301587301 0.736 0.49206349206349204
0 0.69 0.6439909297052154 0.69 0.9501133786848073 0.794 0.9501133786848073 0.794 0.6439909297052154
0 0.774 0.4965986394557823 0.774 0.7981859410430839 0.846 0.7981859410430839 0.846 0.4965986394557823
0 0.774 0.3492063492063492 0.774 0.5804988662131519 0.852 0.5804988662131519 0.852 0.3492063492063492
0 0.284 0.25170068027210885 0.284 0.4308390022675737 0.344 0.4308390022675737 0.344 0.25170068027210885
0 0.17 0.25396825396825395 0.17 0.45351473922902497 0.24 0.45351473922902497 0.24 0.25396825396825395
0 0.02 0.29705215419501135 0.02 0.47165532879818595 0.084 0.47165532879818595 0.084 0.29705215419501135