0 0.18973214285714285 0.4329692154915591 0.18973214285714285 0.5044687189672294 0.21205357142857142 0.5044687189672294 0.21205357142857142 0.4329692154915591
0 0.48828125 0.7130089374379345 0.48828125 0.8103277060575969 0.51953125 0.8103277060575969 0.51953125 0.7130089374379345
0 0.46875 0.5084409136047666 0.46875 0.5878848063555114 0.4955357142857143 0.5878848063555114 0.4955357142857143 0.5084409136047666
0 0.48995535714285715 0.8212512413108243 0.48995535714285715 0.9285004965243296 0.5251116071428571 0.9285004965243296 0.5251116071428571 0.8212512413108243
0 0.8577008928571429 0.48659384309831183 0.8577008928571429 0.5680238331678252 0.8861607142857143 0.5680238331678252 0.8861607142857143 0.48659384309831183
0 0.4771205357142857 0.6127110228401191 0.4771205357142857 0.7000993048659384 0.5061383928571429 0.7000993048659384 0.5061383928571429 0.6127110228401191
0 0.8409598214285714 0.44190665342601787 0.8409598214285714 0.5183714001986097 0.8638392857142857 0.5183714001986097 0.8638392857142857 0.44190665342601787
0 0.45814732142857145 0.4270109235352532 0.45814732142857145 0.49652432969215493 0.48325892857142855 0.49652432969215493 0.48325892857142855 0.4270109235352532
0 0.4575892857142857 0.3614697120158888 0.4575892857142857 0.4240317775571003 0.47823660714285715 0.4240317775571003 0.47823660714285715 0.3614697120158888
0 0.45089285714285715 0.30685203574975173 0.45089285714285715 0.3634558093346574 0.47154017857142855 0.3634558093346574 0.47154017857142855 0.30685203574975173
0 0.44810267857142855 0.2601787487586892 0.44810267857142855 0.3157894736842105 0.46651785714285715 0.3157894736842105 0.46651785714285715 0.2601787487586892
0 0.44419642857142855 0.21847070506454816 0.44419642857142855 0.26812313803376364 0.46205357142857145 0.26812313803376364 0.46205357142857145 0.21847070506454816
0 0.44029017857142855 0.1807348560079444 0.44029017857142855 0.22641509433962265 0.4575892857142857 0.22641509433962265 0.4575892857142857 0.1807348560079444
0 0.43917410714285715 0.14895729890764647 0.43917410714285715 0.1936444885799404 0.45479910714285715 0.1936444885799404 0.45479910714285715 0.14895729890764647
0 0.4380580357142857 0.1211519364448858 0.4380580357142857 0.15988083416087387 0.45424107142857145 0.15988083416087387 0.45424107142857145 0.1211519364448858
0 0.4330357142857143 0.09235352532274081 0.4330357142857143 0.13108242303872888 0.4447544642857143 0.13108242303872888 0.4447544642857143 0.09235352532274081
0 0.43247767857142855 0.07249255213505462 0.43247767857142855 0.10824230387288977 0.4458705357142857 0.10824230387288977 0.4458705357142857 0.07249255213505462
0 0.43080357142857145 0.044687189672293945 0.43080357142857145 0.07944389275074479 0.44140625 0.07944389275074479 0.44140625 0.044687189672293945
0 0.4296875 0.021847070506454815 0.4296875 0.05362462760675273 0.4408482142857143 0.05362462760675273 0.4408482142857143 0.021847070506454815
0 0.4263392857142857 0.006951340615690168 0.4263392857142857 0.03475670307845084 0.43526785714285715 0.03475670307845084 0.43526785714285715 0.006951340615690168
0 0.6004464285714286 0.021847070506454815 0.6004464285714286 0.05660377358490566 0.6104910714285714 0.05660377358490566 0.6104910714285714 0.021847070506454815