0 0.45 0.06 0.45 0.462 0.638 0.462 0.638 0.06
0 0.732 0.05 0.732 0.45 0.928 0.45 0.928 0.05
0 0.228 0.202 0.228 0.462 0.386 0.462 0.386 0.202
0 0.25 0.634 0.25 0.982 0.424 0.982 0.424 0.634
0 0.68 0.534 0.68 0.828 0.808 0.828 0.808 0.534
0 0.494 0.538 0.494 0.838 0.608 0.838 0.608 0.538
0 0.81 0.614 0.81 0.932 0.946 0.932 0.946 0.614
0 0.162 0.522 0.162 0.862 0.298 0.862 0.298 0.522
0 0.694 0.796 0.694 0.994 0.812 0.994 0.812 0.796
0 0.572 0.612 0.572 0.952 0.708 0.952 0.708 0.612
0 0.044 0.522 0.044 0.7 0.102 0.7 0.102 0.522
0 0.044 0.286 0.044 0.462 0.192 0.462 0.192 0.286
0 0.124 0.516 0.124 0.762 0.198 0.762 0.198 0.516
0 0.902 0.51 0.902 0.806 0.996 0.806 0.996 0.51
0 0.086 0.502 0.086 0.716 0.15 0.716 0.15 0.502
0 0.014 0.528 0.014 0.68 0.054 0.68 0.054 0.528