0 0.888 0.30726256983240224 0.888 0.5083798882681564 0.956 0.5083798882681564 0.956 0.30726256983240224
0 0.818 0.30726256983240224 0.818 0.505586592178771 0.882 0.505586592178771 0.882 0.30726256983240224
0 0.746 0.30446927374301674 0.746 0.5251396648044693 0.816 0.5251396648044693 0.816 0.30446927374301674
0 0.102 0.31564245810055863 0.102 0.44972067039106145 0.144 0.44972067039106145 0.144 0.31564245810055863
0 0.272 0.30446927374301674 0.272 0.49162011173184356 0.324 0.49162011173184356 0.324 0.30446927374301674
0 0.144 0.30446927374301674 0.144 0.44692737430167595 0.176 0.44692737430167595 0.176 0.30446927374301674
0 0.658 0.29608938547486036 0.658 0.5251396648044693 0.738 0.5251396648044693 0.738 0.29608938547486036
0 0.324 0.3016759776536313 0.324 0.4972067039106145 0.37 0.4972067039106145 0.37 0.3016759776536313
0 0.164 0.30726256983240224 0.164 0.4581005586592179 0.198 0.4581005586592179 0.198 0.30726256983240224
0 0.198 0.29608938547486036 0.198 0.44972067039106145 0.23 0.44972067039106145 0.23 0.29608938547486036
0 0.456 0.28212290502793297 0.456 0.5418994413407822 0.538 0.5418994413407822 0.538 0.28212290502793297
0 0.218 0.3128491620111732 0.218 0.49162011173184356 0.27 0.49162011173184356 0.27 0.3128491620111732
0 0.394 0.3016759776536313 0.394 0.5363128491620112 0.466 0.5363128491620112 0.466 0.3016759776536313
0 0.558 0.30446927374301674 0.558 0.5418994413407822 0.638 0.5418994413407822 0.638 0.30446927374301674