0 0.522 0.124 0.522 0.536 0.642 0.536 0.642 0.124
0 0.45 0.158 0.45 0.51 0.552 0.51 0.552 0.158
0 0.636 0.164 0.636 0.514 0.744 0.514 0.744 0.164
0 0.262 0.106 0.262 0.518 0.378 0.518 0.378 0.106
0 0.05 0.14 0.05 0.5 0.16 0.5 0.16 0.14
0 0.812 0.126 0.812 0.496 0.904 0.496 0.904 0.126
0 0.224 0.21 0.224 0.464 0.286 0.464 0.286 0.21
0 0.136 0.168 0.136 0.464 0.214 0.464 0.214 0.168
0 0.738 0.19 0.738 0.496 0.818 0.496 0.818 0.19
0 0 0.186 0 0.458 0.052 0.458 0.052 0.186
0 0.952 0.188 0.952 0.504 0.998 0.504 0.998 0.188
0 0.37 0.234 0.37 0.442 0.44 0.442 0.44 0.234