0 0.742 0.5 0.742 0.9359605911330049 0.938 0.9359605911330049 0.938 0.5
0 0.552 0.47044334975369456 0.552 0.9137931034482759 0.7 0.9137931034482759 0.7 0.47044334975369456
0 0.032 0.4088669950738916 0.032 0.7783251231527094 0.158 0.7783251231527094 0.158 0.4088669950738916
0 0.158 0.43842364532019706 0.158 0.8177339901477833 0.32 0.8177339901477833 0.32 0.43842364532019706
0 0.288 0.3866995073891626 0.288 0.7142857142857143 0.392 0.7142857142857143 0.392 0.3866995073891626
0 0.36 0.45566502463054187 0.36 0.8472906403940886 0.498 0.8472906403940886 0.498 0.45566502463054187
0 0.368 0.3645320197044335 0.368 0.6182266009852216 0.416 0.6182266009852216 0.416 0.3645320197044335
0 0.108 0.33251231527093594 0.108 0.5911330049261084 0.17 0.5911330049261084 0.17 0.33251231527093594
0 0.144 0.3817733990147783 0.144 0.687192118226601 0.218 0.687192118226601 0.218 0.3817733990147783
0 0.464 0.4039408866995074 0.464 0.7339901477832512 0.55 0.7339901477832512 0.55 0.4039408866995074
0 0.878 0.31527093596059114 0.878 0.5394088669950738 0.928 0.5394088669950738 0.928 0.31527093596059114
0 0.734 0.3078817733990148 0.734 0.5270935960591133 0.802 0.5270935960591133 0.802 0.3078817733990148
0 0.246 0.33004926108374383 0.246 0.5763546798029556 0.302 0.5763546798029556 0.302 0.33004926108374383
0 0.518 0.37192118226600984 0.518 0.6724137931034483 0.582 0.6724137931034483 0.582 0.37192118226600984
0 0.646 0.41625615763546797 0.646 0.770935960591133 0.72 0.770935960591133 0.72 0.41625615763546797
0 0.348 0.3103448275862069 0.348 0.49261083743842365 0.384 0.49261083743842365 0.384 0.3103448275862069
0 0.066 0.3054187192118227 0.066 0.5172413793103449 0.118 0.5172413793103449 0.118 0.3054187192118227
0 0.57 0.3275862068965517 0.57 0.5394088669950738 0.612 0.5394088669950738 0.612 0.3275862068965517
0 0.278 0.2881773399014778 0.278 0.3891625615763547 0.304 0.3891625615763547 0.304 0.2881773399014778
0 0.956 0.3817733990147783 0.956 0.5714285714285714 0.998 0.5714285714285714 0.998 0.3817733990147783
0 0.424 0.2660098522167488 0.424 0.3374384236453202 0.45 0.3374384236453202 0.45 0.2660098522167488
0 0.392 0.270935960591133 0.392 0.3669950738916256 0.416 0.3669950738916256 0.416 0.270935960591133
0 0.864 0.29064039408866993 0.864 0.39655172413793105 0.892 0.39655172413793105 0.892 0.29064039408866993