0 0.66015625 0.8043694141012909 0.66015625 0.8867924528301887 0.6902901785714286 0.8867924528301887 0.6902901785714286 0.8043694141012909
0 0.18024553571428573 0.8520357497517378 0.18024553571428573 0.94240317775571 0.20758928571428573 0.94240317775571 0.20758928571428573 0.8520357497517378
0 0.9676339285714286 0.8570009930486594 0.9676339285714286 0.9443892750744787 0.9938616071428571 0.9443892750744787 0.9938616071428571 0.8570009930486594
0 0.5725446428571429 0.746772591857001 0.5725446428571429 0.8222442899702085 0.5982142857142857 0.8222442899702085 0.5982142857142857 0.746772591857001
0 0.49386160714285715 0.6832174776564052 0.49386160714285715 0.7557100297914597 0.5167410714285714 0.7557100297914597 0.5167410714285714 0.6832174776564052
0 0.75390625 0.8520357497517378 0.75390625 0.9394240317775571 0.7829241071428571 0.9394240317775571 0.7829241071428571 0.8520357497517378
0 0.48214285714285715 0.5491559086395233 0.48214285714285715 0.6047666335650447 0.5022321428571429 0.6047666335650447 0.5022321428571429 0.5491559086395233
0 0.3794642857142857 0.4756703078450844 0.3794642857142857 0.5273088381330685 0.40066964285714285 0.5273088381330685 0.40066964285714285 0.4756703078450844
0 0.5574776785714286 0.2313803376365442 0.5574776785714286 0.25620655412115195 0.5675223214285714 0.25620655412115195 0.5675223214285714 0.2313803376365442
0 0.5239955357142857 0.24329692154915591 0.5239955357142857 0.27507447864945384 0.5357142857142857 0.27507447864945384 0.5357142857142857 0.24329692154915591
0 0.5708705357142857 0.8222442899702085 0.5708705357142857 0.8838133068520357 0.5993303571428571 0.8838133068520357 0.5993303571428571 0.8222442899702085
0 0.49888392857142855 0.46871896722939427 0.49888392857142855 0.5014895729890765 0.5318080357142857 0.5014895729890765 0.5318080357142857 0.46871896722939427
0 0.48046875 0.5173783515392254 0.48046875 0.5700099304865939 0.4955357142857143 0.5700099304865939 0.4955357142857143 0.5173783515392254
0 0.43136160714285715 0.4399205561072492 0.43136160714285715 0.46772591857000995 0.45926339285714285 0.46772591857000995 0.45926339285714285 0.4399205561072492
0 0.49441964285714285 0.40913604766633566 0.49441964285714285 0.4339622641509434 0.5111607142857143 0.4339622641509434 0.5111607142857143 0.40913604766633566
0 0.4252232142857143 0.3614697120158888 0.4252232142857143 0.38629592850049654 0.44754464285714285 0.38629592850049654 0.44754464285714285 0.3614697120158888
0 0.5078125 0.3445878848063555 0.5078125 0.37040714995034757 0.5228794642857143 0.37040714995034757 0.5228794642857143 0.3445878848063555
0 0.49720982142857145 0.31479642502482624 0.49720982142857145 0.3247269116186693 0.5106026785714286 0.3247269116186693 0.5106026785714286 0.31479642502482624
0 0.46875 0.2969215491559086 0.46875 0.32075471698113206 0.4838169642857143 0.32075471698113206 0.4838169642857143 0.2969215491559086
0 0.4994419642857143 0.2810327706057597 0.4994419642857143 0.30089374379344586 0.5172991071428571 0.30089374379344586 0.5172991071428571 0.2810327706057597
0 0.49330357142857145 0.2730883813306852 0.49330357142857145 0.2899702085402185 0.5078125 0.2899702085402185 0.5078125 0.2730883813306852