0 0.14 0.5146666666666667 0.14 0.9813333333333333 0.306 0.9813333333333333 0.306 0.5146666666666667
0 0.422 0.25333333333333335 0.422 0.6773333333333333 0.504 0.6773333333333333 0.504 0.25333333333333335
0 0.33 0.392 0.33 0.9253333333333333 0.468 0.9253333333333333 0.468 0.392
0 0.252 0.3413333333333333 0.252 0.752 0.368 0.752 0.368 0.3413333333333333
0 0.46 0.7066666666666667 0.46 0.9573333333333334 0.53 0.9573333333333334 0.53 0.7066666666666667
0 0.656 0.6506666666666666 0.656 0.9813333333333333 0.8 0.9813333333333333 0.8 0.6506666666666666
0 0.774 0.36 0.774 0.8453333333333334 0.904 0.8453333333333334 0.904 0.36
0 0.662 0.29333333333333333 0.662 0.824 0.766 0.824 0.766 0.29333333333333333
0 0.34 0.23733333333333334 0.34 0.5093333333333333 0.408 0.5093333333333333 0.408 0.23733333333333334
0 0.498 0.376 0.498 0.9306666666666666 0.598 0.9306666666666666 0.598 0.376
0 0.086 0.384 0.086 0.824 0.174 0.824 0.174 0.384
0 0.592 0.36533333333333334 0.592 0.8746666666666667 0.67 0.8746666666666667 0.67 0.36533333333333334
0 0.796 0.224 0.796 0.49333333333333335 0.884 0.49333333333333335 0.884 0.224