0 0.18024553571428573 0.8510427010923535 0.18024553571428573 0.94240317775571 0.20703125 0.94240317775571 0.20703125 0.8510427010923535
0 0.9676339285714286 0.8570009930486594 0.9676339285714286 0.9443892750744787 0.9938616071428571 0.9443892750744787 0.9938616071428571 0.8570009930486594
0 0.5647321428571429 0.6832174776564052 0.5647321428571429 0.7527308838133069 0.5887276785714286 0.7527308838133069 0.5887276785714286 0.6832174776564052
0 0.48214285714285715 0.5888778550148958 0.48214285714285715 0.7120158887785502 0.5106026785714286 0.7120158887785502 0.5106026785714286 0.5888778550148958
0 0.5027901785714286 0.7666335650446872 0.5027901785714286 0.8321747765640516 0.5223214285714286 0.8321747765640516 0.5223214285714286 0.7666335650446872
0 0.5027901785714286 0.8351539225422046 0.5027901785714286 0.8808341608738828 0.5217633928571429 0.8808341608738828 0.5217633928571429 0.8351539225422046
0 0.4291294642857143 0.8669314796425025 0.4291294642857143 0.9175769612711023 0.4765625 0.9175769612711023 0.4765625 0.8669314796425025
0 0.5306919642857143 0.5729890764647467 0.5306919642857143 0.6127110228401191 0.5669642857142857 0.6127110228401191 0.5669642857142857 0.5729890764647467
0 0.47823660714285715 0.519364448857994 0.47823660714285715 0.5690168818272096 0.49776785714285715 0.5690168818272096 0.49776785714285715 0.519364448857994
0 0.47823660714285715 0.4856007944389275 0.47823660714285715 0.5322740814299901 0.49386160714285715 0.5322740814299901 0.49386160714285715 0.4856007944389275
0 0.4720982142857143 0.4538232373386296 0.4720982142857143 0.5004965243296922 0.48660714285714285 0.5004965243296922 0.48660714285714285 0.4538232373386296
0 0.47098214285714285 0.42899702085402186 0.47098214285714285 0.4746772591857001 0.48604910714285715 0.4746772591857001 0.48604910714285715 0.42899702085402186
0 0.4681919642857143 0.4011916583912612 0.4681919642857143 0.44091360476663355 0.48158482142857145 0.44091360476663355 0.48158482142857145 0.4011916583912612
0 0.46986607142857145 0.3753723932472691 0.46986607142857145 0.4131082423038729 0.48046875 0.4131082423038729 0.48046875 0.3753723932472691
0 0.46595982142857145 0.35253227408143 0.46595982142857145 0.3902681231380338 0.47544642857142855 0.3902681231380338 0.47544642857142855 0.35253227408143
0 0.46205357142857145 0.28897715988083417 0.46205357142857145 0.31976166832174774 0.47154017857142855 0.31976166832174774 0.47154017857142855 0.28897715988083417
0 0.47265625 0.2770605759682224 0.47265625 0.3118172790466733 0.48325892857142855 0.3118172790466733 0.48325892857142855 0.2770605759682224
0 0.5005580357142857 0.25620655412115195 0.5005580357142857 0.28798411122144985 0.5122767857142857 0.28798411122144985 0.5122767857142857 0.25620655412115195
0 0.5245535714285714 0.24528301886792453 0.5245535714285714 0.27606752730883816 0.5357142857142857 0.27606752730883816 0.5357142857142857 0.24528301886792453
0 0.5569196428571429 0.2313803376365442 0.5569196428571429 0.2601787487586892 0.5675223214285714 0.2601787487586892 0.5675223214285714 0.2313803376365442
0 0.42689732142857145 0.25620655412115195 0.42689732142857145 0.2770605759682224 0.43526785714285715 0.2770605759682224 0.43526785714285715 0.25620655412115195