0 0.43582589285714285 0.8162859980139027 0.43582589285714285 0.8987090367428004 0.4603794642857143 0.8987090367428004 0.4603794642857143 0.8162859980139027
0 0.3861607142857143 0.8709036742800397 0.3861607142857143 0.9533267130089375 0.41183035714285715 0.9533267130089375 0.41183035714285715 0.8709036742800397
0 0.6244419642857143 0.19761668321747766 0.6244419642857143 0.2423038728897716 0.6389508928571429 0.2423038728897716 0.6389508928571429 0.19761668321747766
0 0.45926339285714285 0.2631578947368421 0.45926339285714285 0.30883813306852037 0.4760044642857143 0.30883813306852037 0.4760044642857143 0.2631578947368421
0 0.5033482142857143 0.2800397219463754 0.5033482142857143 0.3257199602780536 0.51953125 0.3257199602780536 0.51953125 0.2800397219463754
0 0.6489955357142857 0.19960278053624628 0.6489955357142857 0.24627606752730885 0.6662946428571429 0.24627606752730885 0.6662946428571429 0.19960278053624628
0 0.5027901785714286 0.7477656405163853 0.5027901785714286 0.8272095332671301 0.5234375 0.8272095332671301 0.5234375 0.7477656405163853
0 0.3052455357142857 0.9275074478649454 0.3052455357142857 0.9980139026812314 0.32645089285714285 0.9980139026812314 0.32645089285714285 0.9275074478649454
0 0.6065848214285714 0.19563058589870905 0.6065848214285714 0.2413108242303873 0.6233258928571429 0.2413108242303873 0.6233258928571429 0.19563058589870905
0 0.30636160714285715 0.24726911618669314 0.30636160714285715 0.2919563058589871 0.3208705357142857 0.2919563058589871 0.3208705357142857 0.24726911618669314
0 0.5027901785714286 0.759682224428997 0.5027901785714286 0.8291956305858987 0.5234375 0.8291956305858987 0.5234375 0.759682224428997
0 0.5178571428571429 0.6236345580933466 0.5178571428571429 0.6881827209533267 0.5345982142857143 0.6881827209533267 0.5345982142857143 0.6236345580933466
0 0.4174107142857143 0.2522343594836147 0.4174107142857143 0.29493545183714004 0.43582589285714285 0.29493545183714004 0.43582589285714285 0.2522343594836147
0 0.44642857142857145 0.17576961271102284 0.44642857142857145 0.21648460774577954 0.4609375 0.21648460774577954 0.4609375 0.17576961271102284
0 0.31361607142857145 0.23535253227408143 0.31361607142857145 0.2810327706057597 0.32421875 0.2810327706057597 0.32421875 0.23535253227408143
0 0.5150669642857143 0.7358490566037735 0.5150669642857143 0.7805362462760675 0.5239955357142857 0.7805362462760675 0.5239955357142857 0.7358490566037735
0 0.5200892857142857 0.6861966236345581 0.5200892857142857 0.7318768619662364 0.5318080357142857 0.7318768619662364 0.5318080357142857 0.6861966236345581
0 0.5279017857142857 0.5998013902681232 0.5279017857142857 0.6534260178748759 0.5418526785714286 0.6534260178748759 0.5418526785714286 0.5998013902681232
0 0.5245535714285714 0.5610724925521351 0.5245535714285714 0.6156901688182721 0.54296875 0.6156901688182721 0.54296875 0.5610724925521351
0 0.5295758928571429 0.5213505461767627 0.5295758928571429 0.5789473684210527 0.5474330357142857 0.5789473684210527 0.5474330357142857 0.5213505461767627
0 0.5345982142857143 0.49056603773584906 0.5345982142857143 0.5431976166832175 0.5496651785714286 0.5431976166832175 0.5496651785714286 0.49056603773584906
0 0.5407366071428571 0.45978152929493543 0.5407366071428571 0.5153922542204568 0.5546875 0.5153922542204568 0.5546875 0.45978152929493543
0 0.5368303571428571 0.4329692154915591 0.5368303571428571 0.4846077457795432 0.5518973214285714 0.4846077457795432 0.5518973214285714 0.4329692154915591
0 0.5446428571428571 0.4051638530287984 0.5446428571428571 0.4528301886792453 0.5569196428571429 0.4528301886792453 0.5569196428571429 0.4051638530287984
0 0.5452008928571429 0.3743793445878848 0.5452008928571429 0.42502482621648463 0.5580357142857143 0.42502482621648463 0.5580357142857143 0.3743793445878848
0 0.5479910714285714 0.34955312810327704 0.5479910714285714 0.39622641509433965 0.5625 0.39622641509433965 0.5625 0.34955312810327704
0 0.5524553571428571 0.3257199602780536 0.5524553571428571 0.37040714995034757 0.5647321428571429 0.37040714995034757 0.5647321428571429 0.3257199602780536
0 0.5530133928571429 0.3058589870903674 0.5530133928571429 0.35054617676266137 0.5652901785714286 0.35054617676266137 0.5652901785714286 0.3058589870903674