0 0.34 0.464 0.34 0.9946666666666667 0.526 0.9946666666666667 0.526 0.464
0 0.08 0.005333333333333333 0.08 0.38666666666666666 0.192 0.38666666666666666 0.192 0.005333333333333333
0 0.21 0.010666666666666666 0.21 0.34933333333333333 0.302 0.34933333333333333 0.302 0.010666666666666666
0 0.472 0.11733333333333333 0.472 0.392 0.56 0.392 0.56 0.11733333333333333
0 0.38 0.005333333333333333 0.38 0.24533333333333332 0.438 0.24533333333333332 0.438 0.005333333333333333
0 0.632 0.112 0.632 0.352 0.728 0.352 0.728 0.112
0 0.87 0.136 0.87 0.384 0.972 0.384 0.972 0.136
0 0.26 0.208 0.26 0.6533333333333333 0.392 0.6533333333333333 0.392 0.208
0 0.292 0.010666666666666666 0.292 0.29333333333333333 0.366 0.29333333333333333 0.366 0.010666666666666666
0 0.34 0.15733333333333333 0.34 0.4746666666666667 0.406 0.4746666666666667 0.406 0.15733333333333333
0 0.69 0 0.69 0.10666666666666667 0.712 0.10666666666666667 0.712 0