0 0.138 0.5192743764172335 0.138 0.8843537414965986 0.252 0.8843537414965986 0.252 0.5192743764172335
0 0.006 0.5056689342403629 0.006 0.8775510204081632 0.102 0.8775510204081632 0.102 0.5056689342403629
0 0.474 0.5102040816326531 0.474 0.7709750566893424 0.526 0.7709750566893424 0.526 0.5102040816326531
0 0.396 0.5147392290249433 0.396 0.8390022675736961 0.488 0.8390022675736961 0.488 0.5147392290249433
0 0.27 0.5147392290249433 0.27 0.8344671201814059 0.382 0.8344671201814059 0.382 0.5147392290249433
0 0.524 0.5419501133786848 0.524 0.8253968253968254 0.608 0.8253968253968254 0.608 0.5419501133786848
0 0.84 0.5147392290249433 0.84 0.7369614512471655 0.904 0.7369614512471655 0.904 0.5147392290249433
0 0.374 0.4988662131519274 0.374 0.7936507936507936 0.432 0.7936507936507936 0.432 0.4988662131519274
0 0.624 0.5351473922902494 0.624 0.7959183673469388 0.708 0.7959183673469388 0.708 0.5351473922902494
0 0.91 0.5102040816326531 0.91 0.7324263038548753 0.974 0.7324263038548753 0.974 0.5102040816326531
0 0.768 0.5260770975056689 0.768 0.7551020408163265 0.828 0.7551020408163265 0.828 0.5260770975056689
0 0.702 0.5328798185941043 0.702 0.7755102040816326 0.76 0.7755102040816326 0.76 0.5328798185941043