0 0.4408482142857143 0.3714001986097319 0.4408482142857143 0.423038728897716 0.45870535714285715 0.423038728897716 0.45870535714285715 0.3714001986097319
0 0.5965401785714286 0.5362462760675273 0.5965401785714286 0.6017874875868917 0.6194196428571429 0.6017874875868917 0.6194196428571429 0.5362462760675273
0 0.4810267857142857 0.4726911618669315 0.4810267857142857 0.5710029791459782 0.5083705357142857 0.5710029791459782 0.5083705357142857 0.4726911618669315
0 0.43359375 0.43793445878848064 0.43359375 0.5014895729890765 0.45424107142857145 0.5014895729890765 0.45424107142857145 0.43793445878848064
0 0.5797991071428571 0.2701092353525323 0.5797991071428571 0.32075471698113206 0.5959821428571429 0.32075471698113206 0.5959821428571429 0.2701092353525323
0 0.49386160714285715 0.3932472691161867 0.49386160714285715 0.45183714001986097 0.51171875 0.45183714001986097 0.51171875 0.3932472691161867
0 0.5574776785714286 0.2671300893743793 0.5574776785714286 0.3227408142999007 0.578125 0.3227408142999007 0.578125 0.2671300893743793
0 0.6088169642857143 0.2701092353525323 0.6088169642857143 0.323733862959285 0.6266741071428571 0.323733862959285 0.6266741071428571 0.2701092353525323
0 0.3872767857142857 0.34955312810327704 0.3872767857142857 0.407149950347567 0.40792410714285715 0.407149950347567 0.40792410714285715 0.34955312810327704
0 0.21149553571428573 0.3435948361469712 0.21149553571428573 0.394240317775571 0.2265625 0.394240317775571 0.2265625 0.3435948361469712
0 0.3404017857142857 0.33763654419066536 0.3404017857142857 0.3912611717974181 0.36160714285714285 0.3912611717974181 0.36160714285714285 0.33763654419066536
0 0.41964285714285715 0.6017874875868917 0.41964285714285715 0.6464746772591857 0.46763392857142855 0.6464746772591857 0.46763392857142855 0.6017874875868917
0 0.5100446428571429 0.6355511420059583 0.5100446428571429 0.6812313803376365 0.5524553571428571 0.6812313803376365 0.5524553571428571 0.6355511420059583
0 0.21930803571428573 0.3286991062562066 0.21930803571428573 0.38232373386295926 0.22991071428571427 0.38232373386295926 0.22991071428571427 0.3286991062562066
0 0.4140625 0.9612711022840119 0.4140625 0.9990069513406157 0.44698660714285715 0.9990069513406157 0.44698660714285715 0.9612711022840119
0 0.5111607142857143 0.8848063555114201 0.5111607142857143 0.9145978152929494 0.5318080357142857 0.9145978152929494 0.5318080357142857 0.8848063555114201
0 0.5200892857142857 0.76266137040715 0.5200892857142857 0.8073485600794439 0.5613839285714286 0.8073485600794439 0.5613839285714286 0.76266137040715
0 0.46261160714285715 0.7159880834160874 0.46261160714285715 0.7616683217477657 0.4888392857142857 0.7616683217477657 0.4888392857142857 0.7159880834160874
0 0.5630580357142857 0.43495531281032773 0.5630580357142857 0.4746772591857001 0.5859375 0.4746772591857001 0.5859375 0.43495531281032773
0 0.37276785714285715 0.253227408142999 0.37276785714285715 0.2999006951340616 0.3900669642857143 0.2999006951340616 0.3900669642857143 0.253227408142999