0 0.796 0.6847662141779789 0.796 0.9773755656108597 0.946 0.9773755656108597 0.946 0.6847662141779789
0 0.056 0.030165912518853696 0.056 0.20060331825037708 0.178 0.20060331825037708 0.178 0.030165912518853696
0 0.522 0.2171945701357466 0.522 0.43288084464555054 0.654 0.43288084464555054 0.654 0.2171945701357466
0 0.284 0.7541478129713424 0.284 0.9698340874811463 0.418 0.9698340874811463 0.418 0.7541478129713424
0 0.556 0.013574660633484163 0.556 0.20361990950226244 0.688 0.20361990950226244 0.688 0.013574660633484163
0 0.818 0.03619909502262444 0.818 0.19306184012066366 0.94 0.19306184012066366 0.94 0.03619909502262444
0 0.74 0.22473604826546004 0.74 0.42835595776772245 0.872 0.42835595776772245 0.872 0.22473604826546004
0 0.516 0.751131221719457 0.516 0.9788838612368024 0.674 0.9788838612368024 0.674 0.751131221719457
0 0.044 0.7677224736048266 0.044 0.9743589743589743 0.182 0.9743589743589743 0.182 0.7677224736048266
0 0.308 0.02564102564102564 0.308 0.19004524886877827 0.426 0.19004524886877827 0.426 0.02564102564102564
0 0.036 0.46304675716440424 0.036 0.6546003016591252 0.178 0.6546003016591252 0.178 0.46304675716440424
0 0.076 0.2564102564102564 0.076 0.42232277526395173 0.204 0.42232277526395173 0.204 0.2564102564102564
0 0.306 0.23529411764705882 0.306 0.4253393665158371 0.432 0.4253393665158371 0.432 0.23529411764705882
0 0.76 0.4539969834087481 0.76 0.6561085972850679 0.916 0.6561085972850679 0.916 0.4539969834087481
0 0.222 0.4947209653092006 0.222 0.6636500754147813 0.34 0.6636500754147813 0.34 0.4947209653092006
0 0.536 0.46003016591251883 0.536 0.6591251885369532 0.71 0.6591251885369532 0.71 0.46003016591251883