0 0.02 0.45454545454545453 0.02 0.9251336898395722 0.168 0.9251336898395722 0.168 0.45454545454545453
0 0.266 0.39037433155080214 0.266 0.7352941176470589 0.356 0.7352941176470589 0.356 0.39037433155080214
0 0.774 0.4679144385026738 0.774 0.8609625668449198 0.906 0.8609625668449198 0.906 0.4679144385026738
0 0.334 0.4839572192513369 0.334 0.9411764705882353 0.468 0.9411764705882353 0.468 0.4839572192513369
0 0.646 0.48663101604278075 0.646 0.9385026737967914 0.776 0.9385026737967914 0.776 0.48663101604278075
0 0.926 0.28342245989304815 0.926 0.5240641711229946 0.986 0.5240641711229946 0.986 0.28342245989304815
0 0.882 0.42780748663101603 0.882 0.8048128342245989 0.966 0.8048128342245989 0.966 0.42780748663101603
0 0.17 0.5320855614973262 0.17 0.9866310160427807 0.328 0.9866310160427807 0.328 0.5320855614973262
0 0.6 0.4358288770053476 0.6 0.8021390374331551 0.7 0.8021390374331551 0.7 0.4358288770053476
0 0.784 0.3235294117647059 0.784 0.5775401069518716 0.862 0.5775401069518716 0.862 0.3235294117647059
0 0.47 0.44385026737967914 0.47 0.8582887700534759 0.616 0.8582887700534759 0.616 0.44385026737967914
0 0.33 0.31016042780748665 0.33 0.5882352941176471 0.384 0.5882352941176471 0.384 0.31016042780748665
0 0.444 0.3235294117647059 0.444 0.6149732620320856 0.504 0.6149732620320856 0.504 0.3235294117647059
0 0.342 0 0.342 0.16042780748663102 0.412 0.16042780748663102 0.412 0
0 0.566 0.25935828877005346 0.566 0.45454545454545453 0.612 0.45454545454545453 0.612 0.25935828877005346
0 0.504 0.17914438502673796 0.504 0.36363636363636365 0.548 0.36363636363636365 0.548 0.17914438502673796
0 0.002 0.27540106951871657 0.002 0.5187165775401069 0.046 0.5187165775401069 0.046 0.27540106951871657
0 0.59 0.18983957219251338 0.59 0.2807486631016043 0.622 0.2807486631016043 0.622 0.18983957219251338
0 0.47 0.10427807486631016 0.47 0.22192513368983957 0.504 0.22192513368983957 0.504 0.10427807486631016
0 0.106 0.2994652406417112 0.106 0.6042780748663101 0.168 0.6042780748663101 0.168 0.2994652406417112
0 0.488 0.38235294117647056 0.488 0.7192513368983957 0.578 0.7192513368983957 0.578 0.38235294117647056
0 0.746 0.3609625668449198 0.746 0.6550802139037433 0.792 0.6550802139037433 0.792 0.3609625668449198
0 0.644 0.3235294117647059 0.644 0.47593582887700536 0.694 0.47593582887700536 0.694 0.3235294117647059