0 0.338 0.25396825396825395 0.338 0.41043083900226757 0.432 0.41043083900226757 0.432 0.25396825396825395
0 0.094 0.1927437641723356 0.094 0.35147392290249435 0.174 0.35147392290249435 0.174 0.1927437641723356
0 0.688 0.17687074829931973 0.688 0.37188208616780044 0.778 0.37188208616780044 0.778 0.17687074829931973
0 0.444 0.16780045351473924 0.444 0.3129251700680272 0.54 0.3129251700680272 0.54 0.16780045351473924
0 0.302 0.14058956916099774 0.302 0.29705215419501135 0.362 0.29705215419501135 0.362 0.14058956916099774
0 0.64 0.16099773242630386 0.64 0.3492063492063492 0.712 0.3492063492063492 0.712 0.16099773242630386
0 0.544 0.1655328798185941 0.544 0.3287981859410431 0.64 0.3287981859410431 0.64 0.1655328798185941
0 0.154 0.14058956916099774 0.154 0.29705215419501135 0.218 0.29705215419501135 0.218 0.14058956916099774
0 0.034 0.14058956916099774 0.034 0.30158730158730157 0.102 0.30158730158730157 0.102 0.14058956916099774
0 0.222 0.14058956916099774 0.222 0.30158730158730157 0.306 0.30158730158730157 0.306 0.14058956916099774
0 0.74 0.12244897959183673 0.74 0.29931972789115646 0.868 0.29931972789115646 0.868 0.12244897959183673
0 0.742 0.0045351473922902496 0.742 0.1473922902494331 0.918 0.1473922902494331 0.918 0.0045351473922902496