0 0.744 0.3304498269896194 0.744 0.486159169550173 0.838 0.486159169550173 0.838 0.3304498269896194
0 0.558 0.7664359861591695 0.558 0.9256055363321799 0.662 0.9256055363321799 0.662 0.7664359861591695
0 0.596 0.3944636678200692 0.596 0.6055363321799307 0.73 0.6055363321799307 0.73 0.3944636678200692
0 0.32 0.3737024221453287 0.32 0.5553633217993079 0.44 0.5553633217993079 0.44 0.3737024221453287
0 0.142 0.34429065743944637 0.142 0.513840830449827 0.258 0.513840830449827 0.258 0.34429065743944637
0 0.826 0.7664359861591695 0.826 0.8477508650519031 0.876 0.8477508650519031 0.876 0.7664359861591695
0 0.394 0.842560553633218 0.394 0.9792387543252595 0.482 0.9792387543252595 0.482 0.842560553633218
0 0.732 0.7681660899653979 0.732 0.8737024221453287 0.798 0.8737024221453287 0.798 0.7681660899653979
0 0.212 0.7785467128027682 0.212 0.856401384083045 0.262 0.856401384083045 0.262 0.7785467128027682
0 0.924 0.7664359861591695 0.924 0.8269896193771626 0.962 0.8269896193771626 0.962 0.7664359861591695
0 0.884 0.7629757785467128 0.884 0.8339100346020761 0.924 0.8339100346020761 0.924 0.7629757785467128
0 0.94 0.25432525951557095 0.94 0.33391003460207613 0.976 0.33391003460207613 0.976 0.25432525951557095
0 0.832 0.29411764705882354 0.832 0.41695501730103807 0.892 0.41695501730103807 0.892 0.29411764705882354
0 0.88 0.2820069204152249 0.88 0.38408304498269896 0.922 0.38408304498269896 0.922 0.2820069204152249
0 0.152 0.7577854671280276 0.152 0.8062283737024222 0.182 0.8062283737024222 0.182 0.7577854671280276
0 0.912 0.2629757785467128 0.912 0.356401384083045 0.946 0.356401384083045 0.946 0.2629757785467128
0 0.13 0.745674740484429 0.13 0.7802768166089965 0.148 0.7802768166089965 0.148 0.745674740484429