0 0.236 0.010676156583629894 0.236 0.39501779359430605 0.34 0.39501779359430605 0.34 0.010676156583629894
0 0.686 0.5871886120996441 0.686 0.9786476868327402 0.794 0.9786476868327402 0.794 0.5871886120996441
0 0.122 0.03202846975088968 0.122 0.4306049822064057 0.246 0.4306049822064057 0.246 0.03202846975088968
0 0.358 0.0071174377224199285 0.358 0.3487544483985765 0.452 0.3487544483985765 0.452 0.0071174377224199285
0 0.728 0.06405693950177936 0.728 0.3096085409252669 0.786 0.3096085409252669 0.786 0.06405693950177936
0 0.476 0.042704626334519574 0.476 0.3665480427046263 0.564 0.3665480427046263 0.564 0.042704626334519574
0 0 0.03558718861209965 0 0.4199288256227758 0.064 0.4199288256227758 0.064 0.03558718861209965
0 0.674 0.05693950177935943 0.674 0.3309608540925267 0.734 0.3309608540925267 0.734 0.05693950177935943
0 0.326 0.03914590747330961 0.326 0.24199288256227758 0.364 0.24199288256227758 0.364 0.03914590747330961
0 0.61 0.05338078291814947 0.61 0.30604982206405695 0.68 0.30604982206405695 0.68 0.05338078291814947
0 0.454 0.06761565836298933 0.454 0.31316725978647686 0.5 0.31316725978647686 0.5 0.06761565836298933
0 0.848 0.042704626334519574 0.848 0.30604982206405695 0.92 0.30604982206405695 0.92 0.042704626334519574
0 0.93 0.0711743772241993 0.93 0.2775800711743772 0.984 0.2775800711743772 0.984 0.0711743772241993