0 0.228 0.192 0.228 0.4533333333333333 0.33 0.4533333333333333 0.33 0.192
0 0.228 0.5093333333333333 0.228 0.9973333333333333 0.434 0.9973333333333333 0.434 0.5093333333333333
0 0.664 0.16533333333333333 0.664 0.4 0.74 0.4 0.74 0.16533333333333333
0 0.432 0.15733333333333333 0.432 0.376 0.524 0.376 0.524 0.15733333333333333
0 0.094 0.25066666666666665 0.094 0.5813333333333334 0.218 0.5813333333333334 0.218 0.25066666666666665
0 0.05 0.34933333333333333 0.05 0.8746666666666667 0.234 0.8746666666666667 0.234 0.34933333333333333
0 0.828 0.09333333333333334 0.828 0.33066666666666666 0.892 0.33066666666666666 0.892 0.09333333333333334
0 0.852 0.18666666666666668 0.852 0.5093333333333333 0.962 0.5093333333333333 0.962 0.18666666666666668
0 0.766 0.050666666666666665 0.766 0.23466666666666666 0.828 0.23466666666666666 0.828 0.050666666666666665
0 0.704 0.048 0.704 0.23733333333333334 0.75 0.23733333333333334 0.75 0.048
0 0.816 0.04 0.816 0.2 0.868 0.2 0.868 0.04
0 0.926 0.064 0.926 0.32 0.982 0.32 0.982 0.064
0 0.686 0.05333333333333334 0.686 0.22666666666666666 0.728 0.22666666666666666 0.728 0.05333333333333334
0 0.658 0.04 0.658 0.21333333333333335 0.694 0.21333333333333335 0.694 0.04
0 0.632 0.04533333333333334 0.632 0.19466666666666665 0.666 0.19466666666666665 0.666 0.04533333333333334
0 0.602 0.04 0.602 0.18933333333333333 0.636 0.18933333333333333 0.636 0.04