0 0.042 0.18666666666666668 0.042 0.472 0.154 0.472 0.154 0.18666666666666668
0 0.628 0.5706666666666667 0.628 0.9253333333333333 0.756 0.9253333333333333 0.756 0.5706666666666667
0 0.302 0.5706666666666667 0.302 0.9306666666666666 0.424 0.9306666666666666 0.424 0.5706666666666667
0 0.47 0.5573333333333333 0.47 0.9173333333333333 0.59 0.9173333333333333 0.59 0.5573333333333333
0 0.722 0.2773333333333333 0.722 0.6666666666666666 0.824 0.6666666666666666 0.824 0.2773333333333333
0 0.112 0.568 0.112 0.9546666666666667 0.256 0.9546666666666667 0.256 0.568
0 0.766 0.5546666666666666 0.766 0.8906666666666667 0.898 0.8906666666666667 0.898 0.5546666666666666
0 0.322 0.344 0.322 0.6453333333333333 0.41 0.6453333333333333 0.41 0.344
0 0.16 0.3466666666666667 0.16 0.648 0.27 0.648 0.27 0.3466666666666667
0 0.832 0.21866666666666668 0.832 0.4746666666666667 0.92 0.4746666666666667 0.92 0.21866666666666668
0 0.466 0.352 0.466 0.64 0.552 0.64 0.552 0.352
0 0.452 0.20533333333333334 0.452 0.4693333333333333 0.528 0.4693333333333333 0.528 0.20533333333333334
0 0.208 0.17866666666666667 0.208 0.472 0.29 0.472 0.29 0.17866666666666667
0 0.086 0.5093333333333333 0.086 0.664 0.144 0.664 0.144 0.5093333333333333
0 0.928 0.2 0.928 0.4693333333333333 0.992 0.4693333333333333 0.992 0.2
0 0.04 0.656 0.04 0.8906666666666667 0.102 0.8906666666666667 0.102 0.656
0 0.698 0.272 0.698 0.44266666666666665 0.752 0.44266666666666665 0.752 0.272
0 0.914 0.096 0.914 0.328 0.988 0.328 0.988 0.096
0 0.62 0.256 0.62 0.4613333333333333 0.69 0.4613333333333333 0.69 0.256
0 0.55 0.25866666666666666 0.55 0.45066666666666666 0.61 0.45066666666666666 0.61 0.25866666666666666
0 0.952 0.48 0.952 0.6506666666666666 0.998 0.6506666666666666 0.998 0.48
0 0 0.6826666666666666 0 0.8986666666666666 0.032 0.8986666666666666 0.032 0.6826666666666666
0 0.84 0.18133333333333335 0.84 0.336 0.904 0.336 0.904 0.18133333333333335
0 0.796 0.224 0.796 0.3546666666666667 0.828 0.3546666666666667 0.828 0.224
0 0.59 0.35733333333333334 0.59 0.6586666666666666 0.686 0.6586666666666666 0.686 0.35733333333333334
0 0.854 0.368 0.854 0.6613333333333333 0.954 0.6613333333333333 0.954 0.368
0 0.322 0.19466666666666665 0.322 0.472 0.42 0.472 0.42 0.19466666666666665