0 0.328 0.344 0.328 0.796 0.512 0.796 0.512 0.344
0 0.752 0.224 0.752 0.634 0.94 0.634 0.94 0.224
0 0.002 0.138 0.002 0.454 0.102 0.454 0.102 0.138
0 0.338 0.226 0.338 0.606 0.474 0.606 0.474 0.226
0 0.182 0.136 0.182 0.462 0.308 0.462 0.308 0.136
0 0.746 0.158 0.746 0.492 0.886 0.492 0.886 0.158
0 0.542 0.236 0.542 0.608 0.69 0.608 0.69 0.236
0 0.578 0.34 0.578 0.812 0.764 0.812 0.764 0.34
0 0.07 0.272 0.07 0.764 0.262 0.764 0.262 0.272
0 0.532 0.148 0.532 0.466 0.656 0.466 0.656 0.148
0 0.812 0.368 0.812 0.808 0.998 0.808 0.998 0.368
0 0.146 0.216 0.146 0.602 0.292 0.602 0.292 0.216
0 0 0.336 0 0.626 0.08 0.626 0.08 0.336