0 0.516 0.256 0.516 0.658 0.728 0.658 0.728 0.256
0 0.394 0.238 0.394 0.574 0.544 0.574 0.544 0.238
0 0.702 0.174 0.702 0.638 0.892 0.638 0.892 0.174
0 0.692 0.148 0.692 0.418 0.812 0.418 0.812 0.148
0 0.316 0.188 0.316 0.506 0.426 0.506 0.426 0.188
0 0.49 0.172 0.49 0.454 0.578 0.454 0.578 0.172
0 0.832 0.368 0.832 0.692 0.998 0.692 0.998 0.368
0 0.568 0.142 0.568 0.35 0.65 0.35 0.65 0.142
0 0.16 0.152 0.16 0.406 0.276 0.406 0.276 0.152
0 0.266 0.158 0.266 0.45 0.34 0.45 0.34 0.158
0 0.444 0.172 0.444 0.514 0.562 0.514 0.562 0.172
0 0.04 0.128 0.04 0.352 0.128 0.352 0.128 0.128
0 0.118 0.136 0.118 0.376 0.184 0.376 0.184 0.136