0 0.158 0.1921921921921922 0.158 0.8468468468468469 0.352 0.8468468468468469 0.352 0.1921921921921922
0 0.418 0.19519519519519518 0.418 0.8558558558558559 0.608 0.8558558558558559 0.608 0.19519519519519518
0 0.678 0.23123123123123124 0.678 0.8768768768768769 0.864 0.8768768768768769 0.864 0.23123123123123124
0 0.666 0.08708708708708708 0.666 0.2972972972972973 0.714 0.2972972972972973 0.714 0.08708708708708708
0 0.432 0.09009009009009009 0.432 0.2972972972972973 0.492 0.2972972972972973 0.492 0.09009009009009009
0 0.852 0.006006006006006006 0.852 0.30930930930930933 0.946 0.30930930930930933 0.946 0.006006006006006006
0 0.598 0.009009009009009009 0.598 0.3123123123123123 0.674 0.3123123123123123 0.674 0.009009009009009009
0 0.358 0.08108108108108109 0.358 0.3003003003003003 0.412 0.3003003003003003 0.412 0.08108108108108109
0 0.31 0.08408408408408409 0.31 0.3063063063063063 0.358 0.3063063063063063 0.358 0.08408408408408409
0 0.278 0.10510510510510511 0.278 0.26126126126126126 0.314 0.26126126126126126 0.314 0.10510510510510511
0 0.558 0.12312312312312312 0.558 0.27627627627627627 0.59 0.27627627627627627 0.59 0.12312312312312312
0 0.708 0.006006006006006006 0.708 0.32432432432432434 0.788 0.32432432432432434 0.788 0.006006006006006006
0 0.398 0.0990990990990991 0.398 0.27627627627627627 0.434 0.27627627627627627 0.434 0.0990990990990991
0 0.504 0.04504504504504504 0.504 0.2672672672672673 0.566 0.2672672672672673 0.566 0.04504504504504504
0 0.812 0.03003003003003003 0.812 0.3003003003003003 0.874 0.3003003003003003 0.874 0.03003003003003003
0 0.834 0.03003003003003003 0.834 0.7057057057057057 0.974 0.7057057057057057 0.974 0.03003003003003003
0 0.244 0.12312312312312312 0.244 0.19519519519519518 0.272 0.19519519519519518 0.272 0.12312312312312312
0 0.096 0.17117117117117117 0.096 0.26426426426426425 0.118 0.26426426426426425 0.118 0.17117117117117117
0 0.118 0.16816816816816818 0.118 0.26426426426426425 0.138 0.26426426426426425 0.138 0.16816816816816818
0 0.15 0.15015015015015015 0.15 0.4084084084084084 0.182 0.4084084084084084 0.182 0.15015015015015015
0 0.218 0.16216216216216217 0.218 0.27627627627627627 0.24 0.27627627627627627 0.24 0.16216216216216217
0 0.8 0.09309309309309309 0.8 0.1831831831831832 0.82 0.1831831831831832 0.82 0.09309309309309309
0 0.138 0.16216216216216217 0.138 0.25825825825825827 0.156 0.25825825825825827 0.156 0.16216216216216217
0 0.21 0.15315315315315314 0.21 0.2822822822822823 0.232 0.2822822822822823 0.232 0.15315315315315314
0 0.19 0.14414414414414414 0.19 0.3063063063063063 0.22 0.3063063063063063 0.22 0.14414414414414414
0 0.782 0.09309309309309309 0.782 0.17717717717717718 0.802 0.17717717717717718 0.802 0.09309309309309309
0 0.936 0.021021021021021023 0.936 0.32432432432432434 0.99 0.32432432432432434 0.99 0.021021021021021023
0 0.078 0.1831831831831832 0.078 0.26126126126126126 0.096 0.26126126126126126 0.096 0.1831831831831832
0 0.178 0.14114114114114115 0.178 0.40540540540540543 0.222 0.40540540540540543 0.222 0.14114114114114115