0 0.72 0.7776119402985074 0.72 0.8985074626865671 0.808 0.8985074626865671 0.808 0.7776119402985074
0 0.094 0.0955223880597015 0.094 0.26119402985074625 0.204 0.26119402985074625 0.204 0.0955223880597015
0 0.668 0.1044776119402985 0.668 0.2582089552238806 0.772 0.2582089552238806 0.772 0.1044776119402985
0 0.844 0.7746268656716417 0.844 0.8970149253731343 0.918 0.8970149253731343 0.918 0.7746268656716417
0 0.188 0.5298507462686567 0.188 0.7238805970149254 0.268 0.7238805970149254 0.268 0.5298507462686567
0 0.526 0.11641791044776119 0.526 0.25970149253731345 0.626 0.25970149253731345 0.626 0.11641791044776119
0 0.292 0.3417910447761194 0.292 0.46417910447761196 0.366 0.46417910447761196 0.366 0.3417910447761194
0 0.244 0.12388059701492538 0.244 0.25522388059701495 0.352 0.25522388059701495 0.352 0.12388059701492538
0 0.066 0.3208955223880597 0.066 0.46865671641791046 0.17 0.46865671641791046 0.17 0.3208955223880597
0 0.302 0.5477611940298508 0.302 0.735820895522388 0.366 0.735820895522388 0.366 0.5477611940298508
0 0.376 0.11194029850746269 0.376 0.2701492537313433 0.472 0.2701492537313433 0.472 0.11194029850746269
0 0.762 0.3417910447761194 0.762 0.4761194029850746 0.816 0.4761194029850746 0.816 0.3417910447761194
0 0.528 0.33134328358208953 0.528 0.4835820895522388 0.63 0.4835820895522388 0.63 0.33134328358208953
0 0.67 0.34328358208955223 0.67 0.47313432835820896 0.724 0.47313432835820896 0.724 0.34328358208955223
0 0.68 0.5388059701492537 0.68 0.7014925373134329 0.724 0.7014925373134329 0.724 0.5388059701492537
0 0.782 0.5388059701492537 0.782 0.7059701492537314 0.826 0.7059701492537314 0.826 0.5388059701492537
0 0.816 0.09850746268656717 0.816 0.2701492537313433 0.922 0.2701492537313433 0.922 0.09850746268656717
0 0.73 0.5358208955223881 0.73 0.7029850746268657 0.766 0.7029850746268657 0.766 0.5358208955223881
0 0.086 0.5298507462686567 0.086 0.7149253731343284 0.142 0.7149253731343284 0.142 0.5298507462686567
0 0.86 0.3253731343283582 0.86 0.4761194029850746 0.92 0.4761194029850746 0.92 0.3253731343283582