0 0.882 0.19736842105263158 0.882 0.694078947368421 0.956 0.694078947368421 0.956 0.19736842105263158
0 0.216 0.26973684210526316 0.216 0.8421052631578947 0.31 0.8421052631578947 0.31 0.26973684210526316
0 0.64 0.2532894736842105 0.64 0.9375 0.792 0.9375 0.792 0.2532894736842105
0 0.776 0.21710526315789475 0.776 0.8355263157894737 0.91 0.8355263157894737 0.91 0.21710526315789475
0 0.152 0.23026315789473684 0.152 0.7203947368421053 0.222 0.7203947368421053 0.222 0.23026315789473684
0 0.004 0.18092105263157895 0.004 0.5756578947368421 0.076 0.5756578947368421 0.076 0.18092105263157895
0 0.32 0.26644736842105265 0.32 0.930921052631579 0.456 0.930921052631579 0.456 0.26644736842105265
0 0.482 0.3059210526315789 0.482 0.993421052631579 0.656 0.993421052631579 0.656 0.3059210526315789
0 0.106 0.22039473684210525 0.106 0.6578947368421053 0.166 0.6578947368421053 0.166 0.22039473684210525
0 0.718 0.17105263157894737 0.718 0.5986842105263158 0.786 0.5986842105263158 0.786 0.17105263157894737
0 0.068 0.19736842105263158 0.068 0.5789473684210527 0.118 0.5789473684210527 0.118 0.19736842105263158
0 0.472 0.2631578947368421 0.472 0.819078947368421 0.554 0.819078947368421 0.554 0.2631578947368421
0 0.052 0.07894736842105263 0.052 0.21052631578947367 0.166 0.21052631578947367 0.166 0.07894736842105263