0 0.33 0.5277044854881267 0.33 0.8021108179419525 0.432 0.8021108179419525 0.432 0.5277044854881267
0 0.52 0.5329815303430079 0.52 0.8100263852242744 0.614 0.8100263852242744 0.614 0.5329815303430079
0 0.764 0.5593667546174143 0.764 0.7862796833773087 0.854 0.7862796833773087 0.854 0.5593667546174143
0 0.28 0.0395778364116095 0.28 0.26649076517150394 0.354 0.26649076517150394 0.354 0.0395778364116095
0 0.086 0.5303430079155673 0.086 0.8073878627968337 0.19 0.8073878627968337 0.19 0.5303430079155673
0 0.874 0.5567282321899736 0.874 0.7783641160949868 0.97 0.7783641160949868 0.97 0.5567282321899736
0 0.844 0.036939313984168866 0.844 0.2638522427440633 0.938 0.2638522427440633 0.938 0.036939313984168866
0 0.08 0.04221635883905013 0.08 0.26649076517150394 0.17 0.26649076517150394 0.17 0.04221635883905013
0 0.656 0.052770448548812667 0.656 0.2691292875989446 0.744 0.2691292875989446 0.744 0.052770448548812667
0 0.642 0.5514511873350924 0.642 0.8100263852242744 0.726 0.8100263852242744 0.726 0.5514511873350924
0 0.47 0.036939313984168866 0.47 0.2638522427440633 0.546 0.2638522427440633 0.546 0.036939313984168866