0 0.825 0.04498269896193772 0.825 0.3633217993079585 0.9318181818181818 0.3633217993079585 0.9318181818181818 0.04498269896193772
0 0.4090909090909091 0.10034602076124567 0.4090909090909091 0.4429065743944637 0.4954545454545455 0.4429065743944637 0.4954545454545455 0.10034602076124567
0 0.2159090909090909 0.03460207612456748 0.2159090909090909 0.25951557093425603 0.2840909090909091 0.25951557093425603 0.2840909090909091 0.03460207612456748
0 0.8068181818181818 0.06920415224913495 0.8068181818181818 0.2560553633217993 0.8477272727272728 0.2560553633217993 0.8477272727272728 0.06920415224913495
0 0.12272727272727273 0.058823529411764705 0.12272727272727273 0.35986159169550175 0.21363636363636362 0.35986159169550175 0.21363636363636362 0.058823529411764705
0 0.07272727272727272 0.10380622837370242 0.07272727272727272 0.32525951557093424 0.12954545454545455 0.32525951557093424 0.12954545454545455 0.10380622837370242
0 0.5977272727272728 0.07958477508650519 0.5977272727272728 0.3044982698961938 0.6545454545454545 0.3044982698961938 0.6545454545454545 0.07958477508650519
0 0.9272727272727272 0.12802768166089964 0.9272727272727272 0.2698961937716263 0.9613636363636363 0.2698961937716263 0.9613636363636363 0.12802768166089964
0 0.6636363636363637 0.05190311418685121 0.6636363636363637 0.25259515570934254 0.7204545454545455 0.25259515570934254 0.7204545454545455 0.05190311418685121
0 0.2590909090909091 0.06228373702422145 0.2590909090909091 0.4083044982698962 0.3340909090909091 0.4083044982698962 0.3340909090909091 0.06228373702422145
0 0.6568181818181819 0.22145328719723184 0.6568181818181819 0.7612456747404844 0.8227272727272728 0.7612456747404844 0.8227272727272728 0.22145328719723184
0 0.9613636363636363 0.1245674740484429 0.9613636363636363 0.314878892733564 0.9977272727272727 0.314878892733564 0.9977272727272727 0.1245674740484429
0 0.4681818181818182 0.05536332179930796 0.4681818181818182 0.2664359861591695 0.5136363636363637 0.2664359861591695 0.5136363636363637 0.05536332179930796
0 0.2772727272727273 0.2422145328719723 0.2772727272727273 0.8200692041522492 0.42727272727272725 0.8200692041522492 0.42727272727272725 0.2422145328719723