0 0.346 0.232 0.346 0.734 0.576 0.734 0.576 0.232
0 0.804 0.182 0.804 0.564 0.938 0.564 0.938 0.182
0 0.034 0.258 0.034 0.77 0.258 0.77 0.258 0.258
0 0.576 0.194 0.576 0.586 0.718 0.586 0.718 0.194
0 0.63 0.226 0.63 0.686 0.83 0.686 0.83 0.226
0 0.516 0.164 0.516 0.476 0.622 0.476 0.622 0.164
0 0.494 0.144 0.494 0.38 0.554 0.38 0.554 0.144
0 0.886 0.286 0.886 0.656 0.998 0.656 0.998 0.286
0 0.928 0.16 0.928 0.446 0.996 0.446 0.996 0.16
0 0.466 0.132 0.466 0.248 0.508 0.248 0.508 0.132
0 0.684 0.14 0.684 0.32 0.734 0.32 0.734 0.14
0 0.916 0.126 0.916 0.302 0.976 0.302 0.976 0.126
0 0.336 0.204 0.336 0.586 0.442 0.586 0.442 0.204
0 0.612 0.128 0.612 0.26 0.664 0.26 0.664 0.128
0 0.314 0.18 0.314 0.508 0.398 0.508 0.398 0.18
0 0.116 0.21 0.116 0.606 0.278 0.606 0.278 0.21
0 0.286 0.158 0.286 0.45 0.37 0.45 0.37 0.158
0 0 0.138 0 0.372 0.076 0.372 0.076 0.138