0 0.536 0.5069444444444444 0.536 0.9652777777777778 0.832 0.9652777777777778 0.832 0.5069444444444444
0 0.374 0.5162037037037037 0.374 0.8622685185185185 0.58 0.8622685185185185 0.58 0.5162037037037037
0 0.756 0.5138888888888888 0.756 0.8240740740740741 0.968 0.8240740740740741 0.968 0.5138888888888888
0 0.126 0.5057870370370371 0.126 0.9618055555555556 0.418 0.9618055555555556 0.418 0.5057870370370371
0 0.004 0.04050925925925926 0.004 0.18518518518518517 0.056 0.18518518518518517 0.056 0.04050925925925926
0 0.528 0.034722222222222224 0.528 0.1863425925925926 0.632 0.1863425925925926 0.632 0.034722222222222224
0 0.028 0.5231481481481481 0.028 0.8055555555555556 0.208 0.8055555555555556 0.208 0.5231481481481481
0 0.346 0.052083333333333336 0.346 0.2569444444444444 0.494 0.2569444444444444 0.494 0.052083333333333336
0 0.184 0.04976851851851852 0.184 0.2349537037037037 0.33 0.2349537037037037 0.33 0.04976851851851852
0 0.826 0.03356481481481482 0.826 0.17592592592592593 0.938 0.17592592592592593 0.938 0.03356481481481482
0 0.03 0.052083333333333336 0.03 0.21296296296296297 0.156 0.21296296296296297 0.156 0.052083333333333336
0 0.664 0.03356481481481482 0.664 0.19212962962962962 0.802 0.19212962962962962 0.802 0.03356481481481482
0 0.924 0.032407407407407406 0.924 0.19675925925925927 0.996 0.19675925925925927 0.996 0.032407407407407406
0 0.452 0.032407407407407406 0.452 0.125 0.516 0.125 0.516 0.032407407407407406
0 0.764 0.03587962962962963 0.764 0.13657407407407407 0.822 0.13657407407407407 0.822 0.03587962962962963
0 0.928 0.03356481481481482 0.928 0.12268518518518519 0.982 0.12268518518518519 0.982 0.03356481481481482