0 0.202 0.64472190692395 0.202 0.9761634506242906 0.486 0.9761634506242906 0.486 0.64472190692395
0 0.54 0.3518728717366629 0.54 0.39727582292849034 0.592 0.39727582292849034 0.592 0.3518728717366629
0 0.22 0.3530079455164586 0.22 0.3995459704880817 0.276 0.3995459704880817 0.276 0.3530079455164586
0 0.434 0.3530079455164586 0.434 0.39841089670828606 0.488 0.39841089670828606 0.488 0.3530079455164586
0 0.332 0.3530079455164586 0.332 0.39841089670828606 0.382 0.39841089670828606 0.382 0.3530079455164586
0 0.118 0.35414301929625425 0.118 0.40068104426787743 0.172 0.40068104426787743 0.172 0.35414301929625425
0 0.246 0.5334846765039728 0.246 0.7230419977298524 0.4 0.7230419977298524 0.4 0.5334846765039728
0 0.642 0.3530079455164586 0.642 0.39727582292849034 0.696 0.39727582292849034 0.696 0.3530079455164586
0 0.02 0.3530079455164586 0.02 0.3961407491486947 0.068 0.3961407491486947 0.068 0.3530079455164586
0 0.75 0.3518728717366629 0.75 0.3938706015891033 0.794 0.3938706015891033 0.794 0.3518728717366629
0 0.842 0.3507377979568672 0.842 0.3927355278093076 0.886 0.3927355278093076 0.886 0.3507377979568672
0 0.924 0.3530079455164586 0.924 0.3927355278093076 0.968 0.3927355278093076 0.968 0.3530079455164586
0 0.35 0.0771850170261067 0.35 0.12939841089670828 0.404 0.12939841089670828 0.404 0.0771850170261067