0 0.658 0.43333333333333335 0.658 0.9733333333333334 0.808 0.9733333333333334 0.808 0.43333333333333335
0 0.096 0.21333333333333335 0.096 0.7633333333333333 0.274 0.7633333333333333 0.274 0.21333333333333335
0 0.44 0.2966666666666667 0.44 0.8566666666666667 0.594 0.8566666666666667 0.594 0.2966666666666667
0 0.77 0.14 0.77 0.7533333333333333 0.872 0.7533333333333333 0.872 0.14
0 0.554 0.10333333333333333 0.554 0.68 0.666 0.68 0.666 0.10333333333333333
0 0.272 0.23333333333333334 0.272 0.7966666666666666 0.434 0.7966666666666666 0.434 0.23333333333333334
0 0.622 0.06333333333333334 0.622 0.51 0.712 0.51 0.712 0.06333333333333334
0 0.398 0.11333333333333333 0.398 0.6066666666666667 0.498 0.6066666666666667 0.498 0.11333333333333333
0 0.704 0.013333333333333334 0.704 0.43 0.766 0.43 0.766 0.013333333333333334
0 0.226 0.09666666666666666 0.226 0.5766666666666667 0.316 0.5766666666666667 0.316 0.09666666666666666
0 0.826 0.07666666666666666 0.826 0.5666666666666667 0.888 0.5666666666666667 0.888 0.07666666666666666