0 0.688 0.9466776045939295 0.688 0.9983593109105825 0.732 0.9983593109105825 0.732 0.9466776045939295
0 0.834 0.49056603773584906 0.834 0.5758818703855619 0.902 0.5758818703855619 0.902 0.49056603773584906
0 0.35 0.8925348646431501 0.35 0.985233798195242 0.424 0.985233798195242 0.424 0.8925348646431501
0 0.428 0.8810500410172273 0.428 0.9589827727645611 0.48 0.9589827727645611 0.48 0.8810500410172273
0 0.324 0.2280557834290402 0.324 0.3125512715340443 0.38 0.3125512715340443 0.38 0.2280557834290402
0 0.28 0.21985233798195242 0.28 0.30762920426579166 0.33 0.30762920426579166 0.33 0.21985233798195242
0 0.244 0.7235438884331419 0.244 0.7957342083675144 0.304 0.7957342083675144 0.304 0.7235438884331419
0 0.248 0.9007383100902379 0.248 0.9983593109105825 0.324 0.9983593109105825 0.324 0.9007383100902379
0 0.314 0.7276456111566858 0.314 0.8129614438063987 0.378 0.8129614438063987 0.378 0.7276456111566858
0 0.416 0.7391304347826086 0.416 0.8334700574241182 0.48 0.8334700574241182 0.48 0.7391304347826086
0 0.66 0.15914684167350288 0.66 0.25676784249384743 0.71 0.25676784249384743 0.71 0.15914684167350288
0 0.646 0.6866283839212469 0.646 0.734208367514356 0.67 0.734208367514356 0.67 0.6866283839212469
0 0.048 0.9237079573420837 0.048 0.9983593109105825 0.152 0.9983593109105825 0.152 0.9237079573420837
0 0.562 0.1681706316652994 0.562 0.2780968006562756 0.618 0.2780968006562756 0.618 0.1681706316652994
0 0.198 0.7219031993437244 0.198 0.7842493847415914 0.248 0.7842493847415914 0.248 0.7219031993437244
0 0.656 0.9146841673502871 0.656 0.9614438063986874 0.692 0.9614438063986874 0.692 0.9146841673502871
0 0.702 0.6948318293683347 0.702 0.7538966365873667 0.728 0.7538966365873667 0.728 0.6948318293683347
0 0.518 0.4224774405250205 0.518 0.4388843314191961 0.534 0.4388843314191961 0.534 0.4224774405250205
0 0.162 0.7210828547990156 0.162 0.7719442165709598 0.194 0.7719442165709598 0.194 0.7210828547990156
0 0.542 0.42083675143560295 0.542 0.4380639868744873 0.558 0.4380639868744873 0.558 0.42083675143560295
0 0.612 0.6800656275635767 0.612 0.7186218211648893 0.63 0.7186218211648893 0.63 0.6800656275635767
0 0.564 0.42083675143560295 0.564 0.4372436423297785 0.578 0.4372436423297785 0.578 0.42083675143560295
0 0.768 0.5324036095159967 0.768 0.5701394585726005 0.84 0.5701394585726005 0.84 0.5324036095159967
0 0.732 0.15176374077112387 0.732 0.23707957342083674 0.772 0.23707957342083674 0.772 0.15176374077112387
0 0.792 0.14766201804757997 0.792 0.22559474979491387 0.836 0.22559474979491387 0.836 0.14766201804757997
0 0.842 0.140278917145201 0.842 0.21082854799015588 0.876 0.21082854799015588 0.876 0.140278917145201
0 0.79 0.7145200984413453 0.79 0.7940935192780968 0.838 0.7940935192780968 0.838 0.7145200984413453
0 0.326 0.46267432321575064 0.326 0.5283018867924528 0.37 0.5283018867924528 0.37 0.46267432321575064
0 0.166 0.44626743232157506 0.166 0.5045118949958983 0.204 0.5045118949958983 0.204 0.44626743232157506