0 0.296 0.6334106728538283 0.296 0.8979118329466357 0.414 0.8979118329466357 0.414 0.6334106728538283
0 0.41 0.6473317865429234 0.41 0.9860788863109049 0.534 0.9860788863109049 0.534 0.6473317865429234
0 0.816 0.45707656612529 0.816 0.6682134570765661 0.92 0.6682134570765661 0.92 0.45707656612529
0 0.692 0.4431554524361949 0.692 0.5777262180974478 0.756 0.5777262180974478 0.756 0.4431554524361949
0 0.25 0.6241299303944315 0.25 0.8190255220417634 0.312 0.8190255220417634 0.312 0.6241299303944315
0 0.13 0.43155452436194897 0.13 0.5104408352668214 0.176 0.5104408352668214 0.176 0.43155452436194897
0 0.216 0.617169373549884 0.216 0.7749419953596288 0.264 0.7749419953596288 0.264 0.617169373549884
0 0.186 0.6148491879350348 0.186 0.7354988399071926 0.222 0.7354988399071926 0.222 0.6148491879350348
0 0.648 0.4431554524361949 0.648 0.54292343387471 0.684 0.54292343387471 0.684 0.4431554524361949
0 0.168 0.6241299303944315 0.168 0.7076566125290024 0.19 0.7076566125290024 0.19 0.6241299303944315
0 0.62 0.45011600928074247 0.62 0.5266821345707656 0.654 0.5266821345707656 0.654 0.45011600928074247
0 0.6 0.45011600928074247 0.6 0.5174013921113689 0.628 0.5174013921113689 0.628 0.45011600928074247
0 0.152 0.6241299303944315 0.152 0.6937354988399071 0.176 0.6937354988399071 0.176 0.6241299303944315
0 0.798 0.8375870069605569 0.798 0.8723897911832946 0.812 0.8723897911832946 0.812 0.8375870069605569
0 0.87 0.839907192575406 0.87 0.8700696055684455 0.886 0.8700696055684455 0.886 0.839907192575406
0 0.618 0.8631090487238979 0.618 0.8955916473317865 0.634 0.8955916473317865 0.634 0.8631090487238979
0 0.658 0.8607888631090487 0.658 0.888631090487239 0.67 0.888631090487239 0.67 0.8607888631090487