0 0.18024553571428573 0.8520357497517378 0.18024553571428573 0.9433962264150944 0.20814732142857142 0.9433962264150944 0.20814732142857142 0.8520357497517378
0 0.9665178571428571 0.8510427010923535 0.9665178571428571 0.9384309831181727 0.9933035714285714 0.9384309831181727 0.9933035714285714 0.8510427010923535
0 0.5167410714285714 0.9344587884806356 0.5167410714285714 0.9980139026812314 0.5412946428571429 0.9980139026812314 0.5412946428571429 0.9344587884806356
0 0.5055803571428571 0.8401191658391262 0.5055803571428571 0.9185700099304865 0.5290178571428571 0.9185700099304865 0.5290178571428571 0.8401191658391262
0 0.5016741071428571 0.7656405163853028 0.5016741071428571 0.8351539225422046 0.5251116071428571 0.8351539225422046 0.5251116071428571 0.7656405163853028
0 0.49497767857142855 0.7010923535253227 0.49497767857142855 0.7636544190665343 0.5150669642857143 0.7636544190665343 0.5150669642857143 0.7010923535253227
0 0.48939732142857145 0.6484607745779544 0.48939732142857145 0.7080436941410129 0.5111607142857143 0.7080436941410129 0.5111607142857143 0.6484607745779544
0 0.48660714285714285 0.5978152929493545 0.48660714285714285 0.6564051638530288 0.50390625 0.6564051638530288 0.50390625 0.5978152929493545
0 0.48214285714285715 0.5551142005958292 0.48214285714285715 0.6077457795431976 0.5005580357142857 0.6077457795431976 0.5005580357142857 0.5551142005958292
0 0.47823660714285715 0.5203574975173784 0.47823660714285715 0.5680238331678252 0.49832589285714285 0.5680238331678252 0.49832589285714285 0.5203574975173784
0 0.4799107142857143 0.4856007944389275 0.4799107142857143 0.5322740814299901 0.4955357142857143 0.5322740814299901 0.4955357142857143 0.4856007944389275
0 0.4720982142857143 0.4528301886792453 0.4720982142857143 0.5014895729890765 0.4877232142857143 0.5014895729890765 0.4877232142857143 0.4528301886792453
0 0.4720982142857143 0.4299900695134062 0.4720982142857143 0.4746772591857001 0.48716517857142855 0.4746772591857001 0.48716517857142855 0.4299900695134062
0 0.46875 0.39920556107249255 0.46875 0.44091360476663355 0.48270089285714285 0.44091360476663355 0.48270089285714285 0.39920556107249255
0 0.46875 0.37636544190665344 0.46875 0.41211519364448856 0.4799107142857143 0.41211519364448856 0.4799107142857143 0.37636544190665344
0 0.4654017857142857 0.35054617676266137 0.4654017857142857 0.38828202581926513 0.47488839285714285 0.38828202581926513 0.47488839285714285 0.35054617676266137
0 0.46595982142857145 0.3346573982125124 0.46595982142857145 0.3723932472691162 0.47823660714285715 0.3723932472691162 0.47823660714285715 0.3346573982125124
0 0.46205357142857145 0.2869910625620655 0.46205357142857145 0.3217477656405164 0.47265625 0.3217477656405164 0.47265625 0.2869910625620655
0 0.4603794642857143 0.27507447864945384 0.4603794642857143 0.3018867924528302 0.4681919642857143 0.3018867924528302 0.4681919642857143 0.27507447864945384
0 0.45703125 0.2542204568023833 0.45703125 0.28798411122144985 0.4654017857142857 0.28798411122144985 0.4654017857142857 0.2542204568023833