0 0.168 0.21333333333333335 0.168 0.6533333333333333 0.326 0.6533333333333333 0.326 0.21333333333333335
0 0.344 0.33066666666666666 0.344 0.8453333333333334 0.48 0.8453333333333334 0.48 0.33066666666666666
0 0.52 0.3253333333333333 0.52 0.736 0.668 0.736 0.668 0.3253333333333333
0 0.588 0 0.588 0.3413333333333333 0.68 0.3413333333333333 0.68 0
0 0.01 0.224 0.01 0.64 0.18 0.64 0.18 0.224
0 0.754 0.5146666666666667 0.754 0.904 0.92 0.904 0.92 0.5146666666666667
0 0.364 0.04 0.364 0.44 0.454 0.44 0.454 0.04
0 0.5 0.13866666666666666 0.5 0.4 0.57 0.4 0.57 0.13866666666666666
0 0.614 0.2613333333333333 0.614 0.6373333333333333 0.736 0.6373333333333333 0.736 0.2613333333333333
0 0.708 0.08533333333333333 0.708 0.5493333333333333 0.792 0.5493333333333333 0.792 0.08533333333333333
0 0.806 0.17866666666666667 0.806 0.728 0.966 0.728 0.966 0.17866666666666667
0 0.442 0.23466666666666666 0.442 0.632 0.536 0.632 0.536 0.23466666666666666
0 0.284 0.24266666666666667 0.284 0.584 0.378 0.584 0.378 0.24266666666666667
0 0.452 0.4186666666666667 0.452 0.6773333333333333 0.524 0.6773333333333333 0.524 0.4186666666666667
0 0.69 0.5013333333333333 0.69 0.8 0.766 0.8 0.766 0.5013333333333333
0 0.082 0.050666666666666665 0.082 0.16533333333333333 0.128 0.16533333333333333 0.128 0.050666666666666665
0 0.746 0.17333333333333334 0.746 0.6186666666666667 0.82 0.6186666666666667 0.82 0.17333333333333334