0 0.506 0.346 0.506 0.804 0.702 0.804 0.702 0.346
0 0.316 0.47 0.316 0.966 0.564 0.966 0.564 0.47
0 0.234 0.32 0.234 0.788 0.4 0.788 0.4 0.32
0 0.752 0.134 0.752 0.55 0.862 0.55 0.862 0.134
0 0.642 0.222 0.642 0.666 0.79 0.666 0.79 0.222
0 0.536 0.142 0.536 0.408 0.654 0.408 0.654 0.142
0 0.89 0.012 0.89 0.344 0.966 0.344 0.966 0.012
0 0.144 0.118 0.144 0.51 0.23 0.51 0.23 0.118
0 0.714 0.012 0.714 0.252 0.798 0.252 0.798 0.012
0 0.052 0.008 0.052 0.342 0.116 0.342 0.116 0.008
0 0.342 0.14 0.342 0.44 0.454 0.44 0.454 0.14
0 0.196 0.21 0.196 0.616 0.31 0.616 0.31 0.21
0 0.422 0.22 0.422 0.494 0.554 0.494 0.554 0.22
0 0.096 0.05 0.096 0.404 0.166 0.404 0.166 0.05
0 0.634 0.062 0.634 0.316 0.724 0.316 0.724 0.062
0 0.836 0.078 0.836 0.438 0.908 0.438 0.908 0.078
0 0.274 0.072 0.274 0.3 0.362 0.3 0.362 0.072
0 0.218 0.012 0.218 0.212 0.288 0.212 0.288 0.012
0 0.382 0.008 0.382 0.194 0.462 0.194 0.462 0.008
0 0.538 0.006 0.538 0.192 0.63 0.192 0.63 0.006