0 0.142 0.192 0.142 0.6133333333333333 0.246 0.6133333333333333 0.246 0.192
0 0.288 0.26666666666666666 0.288 0.856 0.426 0.856 0.426 0.26666666666666666
0 0.718 0.216 0.718 0.64 0.822 0.64 0.822 0.216
0 0 0.27466666666666667 0 0.9013333333333333 0.14 0.9013333333333333 0.14 0.27466666666666667
0 0.536 0.22133333333333333 0.536 0.6373333333333333 0.63 0.6373333333333333 0.63 0.22133333333333333
0 0.42 0.24 0.42 0.7333333333333333 0.536 0.7333333333333333 0.536 0.24
0 0.39 0.19466666666666665 0.39 0.6186666666666667 0.452 0.6186666666666667 0.452 0.19466666666666665
0 0.59 0.256 0.59 0.7546666666666667 0.708 0.7546666666666667 0.708 0.256
0 0.512 0.168 0.512 0.488 0.576 0.488 0.576 0.168
0 0.828 0.25866666666666666 0.828 0.7546666666666667 0.968 0.7546666666666667 0.968 0.25866666666666666
0 0.248 0.23466666666666666 0.248 0.6773333333333333 0.322 0.6773333333333333 0.322 0.23466666666666666
0 0.078 0.144 0.078 0.408 0.15 0.408 0.15 0.144