0 0.46484375 0.2571996027805363 0.46484375 0.30685203574975173 0.4810267857142857 0.30685203574975173 0.4810267857142857 0.2571996027805363
0 0.5574776785714286 0.21251241310824232 0.5574776785714286 0.2601787487586892 0.5747767857142857 0.2601787487586892 0.5747767857142857 0.21251241310824232
0 0.6372767857142857 0.15888778550148958 0.6372767857142857 0.20556107249255212 0.6545758928571429 0.20556107249255212 0.6545758928571429 0.15888778550148958
0 0.44642857142857145 0.1916583912611718 0.44642857142857145 0.24031777557100298 0.4642857142857143 0.24031777557100298 0.4642857142857143 0.1916583912611718
0 0.51171875 0.2542204568023833 0.51171875 0.29493545183714004 0.5267857142857143 0.29493545183714004 0.5267857142857143 0.2542204568023833
0 0.4135044642857143 0.18470705064548162 0.4135044642857143 0.2313803376365442 0.42801339285714285 0.2313803376365442 0.42801339285714285 0.18470705064548162
0 0.49776785714285715 0.2571996027805363 0.49776785714285715 0.3028798411122145 0.5145089285714286 0.3028798411122145 0.5145089285714286 0.2571996027805363
0 0.21205357142857142 0.3336643495531281 0.21205357142857142 0.39622641509433965 0.22991071428571427 0.39622641509433965 0.22991071428571427 0.3336643495531281
0 0.5133928571428571 0.22045680238331677 0.5133928571428571 0.26216484607745777 0.5251116071428571 0.26216484607745777 0.5251116071428571 0.22045680238331677
0 0.5172991071428571 0.18867924528301888 0.5172991071428571 0.22442899702085403 0.5301339285714286 0.22442899702085403 0.5301339285714286 0.18867924528301888
0 0.5150669642857143 0.2025819265143992 0.5150669642857143 0.24726911618669314 0.5279017857142857 0.24726911618669314 0.5279017857142857 0.2025819265143992