0 0.578125 0.17676266137040714 0.578125 0.22045680238331677 0.59375 0.22045680238331677 0.59375 0.17676266137040714
0 0.55859375 0.21449851042701093 0.55859375 0.25918570009930486 0.5719866071428571 0.25918570009930486 0.5719866071428571 0.21449851042701093
0 0.21261160714285715 0.34955312810327704 0.21261160714285715 0.4011916583912612 0.22767857142857142 0.4011916583912612 0.22767857142857142 0.34955312810327704
0 0.5340401785714286 0.16981132075471697 0.5340401785714286 0.21648460774577954 0.546875 0.21648460774577954 0.546875 0.16981132075471697
0 0.46372767857142855 0.3128103277060576 0.46372767857142855 0.36941410129096325 0.4810267857142857 0.36941410129096325 0.4810267857142857 0.3128103277060576
0 0.22321428571428573 0.3257199602780536 0.22321428571428573 0.38033763654419067 0.23325892857142858 0.38033763654419067 0.23325892857142858 0.3257199602780536
0 0.55859375 0.182720953326713 0.55859375 0.22641509433962265 0.5747767857142857 0.22641509433962265 0.5747767857142857 0.182720953326713
0 0.5016741071428571 0.3416087388282026 0.5016741071428571 0.38927507447864945 0.5200892857142857 0.38927507447864945 0.5200892857142857 0.3416087388282026
0 0.5055803571428571 0.3118172790466733 0.5055803571428571 0.3624627606752731 0.51953125 0.3624627606752731 0.51953125 0.3118172790466733
0 0.5094866071428571 0.28500496524329694 0.5094866071428571 0.3346573982125124 0.5228794642857143 0.3346573982125124 0.5228794642857143 0.28500496524329694
0 0.515625 0.2522343594836147 0.515625 0.29890764647467727 0.5267857142857143 0.29890764647467727 0.5267857142857143 0.2522343594836147