0 0.178125 0.7405247813411079 0.178125 0.9941690962099126 0.2375 0.9941690962099126 0.2375 0.7405247813411079
0 0.7671875 0.7084548104956269 0.7671875 0.9475218658892128 0.8 0.9475218658892128 0.8 0.7084548104956269
0 0.55 0.7784256559766763 0.55 0.9941690962099126 0.60625 0.9941690962099126 0.60625 0.7784256559766763
0 0.4078125 0.3965014577259475 0.4078125 0.446064139941691 0.421875 0.446064139941691 0.421875 0.3965014577259475
0 0.5375 0.3877551020408163 0.5375 0.43731778425655976 0.5546875 0.43731778425655976 0.5546875 0.3877551020408163
0 0.1828125 0.5539358600583091 0.1828125 0.7026239067055393 0.209375 0.7026239067055393 0.209375 0.5539358600583091
0 0.64375 0.3848396501457726 0.64375 0.42857142857142855 0.659375 0.42857142857142855 0.659375 0.3848396501457726
0 0.590625 0.3848396501457726 0.590625 0.42857142857142855 0.6046875 0.42857142857142855 0.6046875 0.3848396501457726
0 0.1921875 0.6472303206997084 0.1921875 0.8396501457725948 0.2375 0.8396501457725948 0.2375 0.6472303206997084
0 0.23125 0.4227405247813411 0.23125 0.4752186588921283 0.246875 0.4752186588921283 0.246875 0.4227405247813411
0 0.2671875 0.4139941690962099 0.2671875 0.46938775510204084 0.2828125 0.46938775510204084 0.2828125 0.4139941690962099