0 0.332 0.239880059970015 0.332 0.8110944527736131 0.664 0.8110944527736131 0.664 0.239880059970015
0 0 0.01649175412293853 0 0.4482758620689655 0.216 0.4482758620689655 0.216 0.01649175412293853
0 0.25 0.026986506746626688 0.25 0.34632683658170915 0.392 0.34632683658170915 0.392 0.026986506746626688
0 0.68 0.029985007496251874 0.68 0.17691154422788605 0.77 0.17691154422788605 0.77 0.029985007496251874
0 0.502 0.053973013493253376 0.502 0.22638680659670166 0.598 0.22638680659670166 0.598 0.053973013493253376
0 0.36 0.04047976011994003 0.36 0.2773613193403298 0.45 0.2773613193403298 0.45 0.04047976011994003
0 0.892 0.01649175412293853 0.892 0.1874062968515742 0.984 0.1874062968515742 0.984 0.01649175412293853
0 0.43 0.041979010494752625 0.43 0.2368815592203898 0.496 0.2368815592203898 0.496 0.041979010494752625
0 0.84 0.034482758620689655 0.84 0.15742128935532235 0.892 0.15742128935532235 0.892 0.034482758620689655
0 0 0.4197901049475262 0 0.5667166416791605 0.054 0.5667166416791605 0.054 0.4197901049475262
0 0.102 0.025487256371814093 0.102 0.36431784107946025 0.234 0.36431784107946025 0.234 0.025487256371814093
0 0.798 0.04047976011994003 0.798 0.15442278860569716 0.854 0.15442278860569716 0.854 0.04047976011994003
0 0.888 0.03298350824587706 0.888 0.15742128935532235 0.946 0.15742128935532235 0.946 0.03298350824587706
0 0.828 0.026986506746626688 0.828 0.17091454272863568 0.894 0.17091454272863568 0.894 0.026986506746626688