0 0.004 0.3463203463203463 0.004 0.8571428571428571 0.122 0.8571428571428571 0.122 0.3463203463203463
0 0.69 0.3333333333333333 0.69 0.961038961038961 0.886 0.961038961038961 0.886 0.3333333333333333
0 0.19 0.28354978354978355 0.19 0.8398268398268398 0.314 0.8398268398268398 0.314 0.28354978354978355
0 0.484 0.5281385281385281 0.484 0.9761904761904762 0.626 0.9761904761904762 0.626 0.5281385281385281
0 0.394 0.30735930735930733 0.394 0.8658008658008658 0.522 0.8658008658008658 0.522 0.30735930735930733
0 0.598 0.3246753246753247 0.598 0.854978354978355 0.724 0.854978354978355 0.724 0.3246753246753247
0 0.846 0.3225108225108225 0.846 0.8874458874458875 0.988 0.8874458874458875 0.988 0.3225108225108225
0 0.062 0.5303030303030303 0.062 0.974025974025974 0.204 0.974025974025974 0.204 0.5303030303030303
0 0.266 0.5064935064935064 0.266 0.9761904761904762 0.404 0.9761904761904762 0.404 0.5064935064935064
0 0.102 0.12337662337662338 0.102 0.6688311688311688 0.222 0.6688311688311688 0.222 0.12337662337662338
0 0.692 0.1277056277056277 0.692 0.564935064935065 0.792 0.564935064935065 0.792 0.1277056277056277
0 0.33 0.24675324675324675 0.33 0.6385281385281385 0.388 0.6385281385281385 0.388 0.24675324675324675
0 0.492 0.0367965367965368 0.492 0.6190476190476191 0.564 0.6190476190476191 0.564 0.0367965367965368