0 0.546 0.4266666666666667 0.546 0.936 0.71 0.936 0.71 0.4266666666666667
0 0.828 0.3626666666666667 0.828 0.744 0.934 0.744 0.934 0.3626666666666667
0 0.012 0.25333333333333335 0.012 0.5653333333333334 0.096 0.5653333333333334 0.096 0.25333333333333335
0 0.338 0.48533333333333334 0.338 0.9973333333333333 0.516 0.9973333333333333 0.516 0.48533333333333334
0 0.15 0.32266666666666666 0.15 0.736 0.266 0.736 0.266 0.32266666666666666
0 0.226 0.384 0.226 0.8533333333333334 0.372 0.8533333333333334 0.372 0.384
0 0.342 0.30933333333333335 0.342 0.6506666666666666 0.418 0.6506666666666666 0.418 0.30933333333333335
0 0.082 0.2826666666666667 0.082 0.6453333333333333 0.172 0.6453333333333333 0.172 0.2826666666666667
0 0.678 0.31733333333333336 0.678 0.64 0.756 0.64 0.756 0.31733333333333336
0 0.466 0.352 0.466 0.7546666666666667 0.546 0.7546666666666667 0.546 0.352
0 0.928 0.336 0.928 0.664 0.988 0.664 0.988 0.336
0 0.698 0.3893333333333333 0.698 0.808 0.83 0.808 0.83 0.3893333333333333
0 0 0.232 0 0.488 0.026 0.488 0.026 0.232
0 0.554 0.336 0.554 0.672 0.652 0.672 0.652 0.336
0 0.072 0.2 0.072 0.408 0.104 0.408 0.104 0.2
0 0.75 0.27466666666666667 0.75 0.48533333333333334 0.78 0.48533333333333334 0.78 0.27466666666666667