0 0.066 0 0.066 0.3988005997001499 0.358 0.3988005997001499 0.358 0
0 0 0.005997001499250375 0 0.3808095952023988 0.078 0.3808095952023988 0.078 0.005997001499250375
0 0.358 0.005997001499250375 0.358 0.4062968515742129 0.628 0.4062968515742129 0.628 0.005997001499250375
0 0.598 0.06146926536731634 0.598 0.41379310344827586 0.808 0.41379310344827586 0.808 0.06146926536731634
0 0.752 0.11094452773613193 0.752 0.4032983508245877 0.888 0.4032983508245877 0.888 0.11094452773613193
0 0.88 0.1454272863568216 0.88 0.4002998500749625 0.984 0.4002998500749625 0.984 0.1454272863568216
0 0 0.3823088455772114 0 0.7106446776611695 0.064 0.7106446776611695 0.064 0.3823088455772114
0 0.066 0.3988005997001499 0.066 0.7781109445277361 0.346 0.7781109445277361 0.346 0.3988005997001499
0 0.346 0.4077961019490255 0.346 0.7511244377811095 0.604 0.7511244377811095 0.604 0.4077961019490255
0 0.574 0.4107946026986507 0.574 0.6956521739130435 0.736 0.6956521739130435 0.736 0.4107946026986507
0 0.704 0.4062968515742129 0.704 0.6701649175412294 0.896 0.6701649175412294 0.896 0.4062968515742129
0 0.068 0.760119940029985 0.068 0.9940029985007496 0.338 0.9940029985007496 0.338 0.760119940029985
0 0.338 0.7301349325337332 0.338 0.9820089955022488 0.572 0.9820089955022488 0.572 0.7301349325337332
0 0.546 0.6911544227886057 0.546 0.9655172413793104 0.702 0.9655172413793104 0.702 0.6911544227886057
0 0.668 0.671664167916042 0.668 0.9205397301349325 0.846 0.9205397301349325 0.846 0.671664167916042
0 0.772 0.7661169415292354 0.772 0.9955022488755623 0.998 0.9955022488755623 0.998 0.7661169415292354
0 0.874 0.5862068965517241 0.874 0.7811094452773614 0.996 0.7811094452773614 0.996 0.5862068965517241