0 0.376 0.5623188405797102 0.376 0.9855072463768116 0.638 0.9855072463768116 0.638 0.5623188405797102
0 0.844 0.22608695652173913 0.844 0.553623188405797 0.966 0.553623188405797 0.966 0.22608695652173913
0 0.37 0.11014492753623188 0.37 0.5710144927536231 0.644 0.5710144927536231 0.644 0.11014492753623188
0 0.83 0.5507246376811594 0.83 0.8579710144927536 0.948 0.8579710144927536 0.948 0.5507246376811594
0 0.26 0.18840579710144928 0.26 0.5420289855072464 0.372 0.5420289855072464 0.372 0.18840579710144928
0 0.27 0.5362318840579711 0.27 0.881159420289855 0.378 0.881159420289855 0.378 0.5362318840579711
0 0.642 0.5507246376811594 0.642 0.9246376811594202 0.832 0.9246376811594202 0.832 0.5507246376811594
0 0.648 0.17101449275362318 0.648 0.5478260869565217 0.842 0.5478260869565217 0.842 0.17101449275362318
0 0.192 0.5246376811594203 0.192 0.7942028985507247 0.266 0.7942028985507247 0.266 0.5246376811594203
0 0.094 0.3188405797101449 0.094 0.4956521739130435 0.144 0.4956521739130435 0.144 0.3188405797101449
0 0.188 0.24347826086956523 0.188 0.518840579710145 0.26 0.518840579710145 0.26 0.24347826086956523
0 0.146 0.2811594202898551 0.146 0.5043478260869565 0.19 0.5043478260869565 0.19 0.2811594202898551
0 0.074 0.4956521739130435 0.074 0.6579710144927536 0.104 0.6579710144927536 0.104 0.4956521739130435
0 0.108 0.4956521739130435 0.108 0.6811594202898551 0.146 0.6811594202898551 0.146 0.4956521739130435
0 0.15 0.5043478260869565 0.15 0.7420289855072464 0.192 0.7420289855072464 0.192 0.5043478260869565