0 0.88 0.5082458770614693 0.88 0.7466266866566716 0.998 0.7466266866566716 0.998 0.5082458770614693
0 0.492 0.5382308845577212 0.492 0.8440779610194903 0.732 0.8440779610194903 0.732 0.5382308845577212
0 0.382 0.5082458770614693 0.382 0.7811094452773614 0.518 0.7811094452773614 0.518 0.5082458770614693
0 0.312 0.3313343328335832 0.312 0.4332833583208396 0.368 0.4332833583208396 0.368 0.3313343328335832
0 0.768 0.5052473763118441 0.768 0.7481259370314842 0.884 0.7481259370314842 0.884 0.5052473763118441
0 0.56 0.3613193403298351 0.56 0.4482758620689655 0.628 0.4482758620689655 0.628 0.3613193403298351
0 0.454 0.35082458770614694 0.454 0.4407796101949025 0.504 0.4407796101949025 0.504 0.35082458770614694
0 0.5 0.3568215892053973 0.5 0.4407796101949025 0.558 0.4407796101949025 0.558 0.3568215892053973
0 0.298 0.48875562218890556 0.298 0.7106446776611695 0.39 0.7106446776611695 0.39 0.48875562218890556
0 0.864 0.2368815592203898 0.864 0.4482758620689655 0.986 0.4482758620689655 0.986 0.2368815592203898
0 0.63 0.36881559220389803 0.63 0.4407796101949025 0.694 0.4407796101949025 0.694 0.36881559220389803
0 0.128 0.31334332833583206 0.128 0.383808095952024 0.244 0.383808095952024 0.244 0.31334332833583206