0 0.02 0.338 0.02 0.43 0.084 0.43 0.084 0.338
0 0.086 0.338 0.086 0.424 0.144 0.424 0.144 0.338
0 0.142 0.346 0.142 0.422 0.198 0.422 0.198 0.346
0 0.24 0.352 0.24 0.418 0.286 0.418 0.286 0.352
0 0.196 0.346 0.196 0.418 0.242 0.418 0.242 0.346
0 0 0.34 0 0.43 0.02 0.43 0.02 0.34
0 0.024 0.34 0.024 0.43 0.178 0.43 0.178 0.34
0 0.294 0.356 0.294 0.414 0.348 0.414 0.348 0.356
0 0.352 0.354 0.352 0.418 0.388 0.418 0.388 0.354
0 0.39 0.364 0.39 0.418 0.418 0.418 0.418 0.364
0 0.416 0.36 0.416 0.414 0.446 0.414 0.446 0.36
0 0.45 0.362 0.45 0.41 0.476 0.41 0.476 0.362
0 0.472 0.362 0.472 0.414 0.502 0.414 0.502 0.362
0 0.502 0.362 0.502 0.414 0.528 0.414 0.528 0.362
0 0.62 0.37 0.62 0.402 0.642 0.402 0.642 0.37
0 0.648 0.374 0.648 0.402 0.67 0.402 0.67 0.374
0 0.672 0.376 0.672 0.402 0.698 0.402 0.698 0.376
0 0.704 0.374 0.704 0.402 0.728 0.402 0.728 0.374
0 0.734 0.376 0.734 0.4 0.756 0.4 0.756 0.376
0 0.756 0.378 0.756 0.4 0.776 0.4 0.776 0.378