0 0.028 0.498 0.028 0.896 0.318 0.896 0.318 0.498
0 0.002 0.248 0.002 0.48 0.134 0.48 0.134 0.248
0 0.404 0.522 0.404 0.94 0.686 0.94 0.686 0.522
0 0.27 0.252 0.27 0.46 0.442 0.46 0.442 0.252
0 0.582 0.39 0.582 0.516 0.766 0.516 0.766 0.39
0 0.778 0.41 0.778 0.608 0.896 0.608 0.896 0.41
0 0.676 0.27 0.676 0.396 0.788 0.396 0.788 0.27
0 0.79 0.272 0.79 0.39 0.884 0.39 0.884 0.272
0 0.902 0.248 0.902 0.464 0.984 0.464 0.984 0.248
0 0.188 0.254 0.188 0.458 0.268 0.458 0.268 0.254
0 0.586 0.276 0.586 0.376 0.64 0.376 0.64 0.276
0 0.644 0.276 0.644 0.386 0.674 0.386 0.674 0.276