0 0.6372745490981964 0.4679144385026738 0.6372745490981964 0.56951871657754 0.6913827655310621 0.56951871657754 0.6913827655310621 0.4679144385026738
0 0.6973947895791583 0.4679144385026738 0.6973947895791583 0.553475935828877 0.7274549098196392 0.553475935828877 0.7274549098196392 0.4679144385026738
0 0.7234468937875751 0.4625668449197861 0.7234468937875751 0.5427807486631016 0.7474949899799599 0.5427807486631016 0.7474949899799599 0.4625668449197861
0 0.7434869739478958 0.4625668449197861 0.7434869739478958 0.5374331550802139 0.7735470941883767 0.5374331550802139 0.7735470941883767 0.4625668449197861
0 0.5410821643286573 0.4679144385026738 0.5410821643286573 0.5855614973262032 0.5951903807615231 0.5855614973262032 0.5951903807615231 0.4679144385026738
0 0.48697394789579157 0.47593582887700536 0.48697394789579157 0.5748663101604278 0.5270541082164328 0.5748663101604278 0.5270541082164328 0.47593582887700536
0 0.45090180360721444 0.47593582887700536 0.45090180360721444 0.5828877005347594 0.48897795591182364 0.5828877005347594 0.48897795591182364 0.47593582887700536
0 0.41082164328657317 0.47593582887700536 0.41082164328657317 0.5935828877005348 0.4529058116232465 0.5935828877005348 0.4529058116232465 0.47593582887700536
0 0.3687374749498998 0.48128342245989303 0.3687374749498998 0.5989304812834224 0.41282565130260523 0.5989304812834224 0.41282565130260523 0.48128342245989303
0 0.31462925851703405 0.4839572192513369 0.31462925851703405 0.606951871657754 0.3687374749498998 0.606951871657754 0.3687374749498998 0.4839572192513369
0 0.2685370741482966 0.48663101604278075 0.2685370741482966 0.6176470588235294 0.3186372745490982 0.6176470588235294 0.3186372745490982 0.48663101604278075
0 0.22244488977955912 0.5267379679144385 0.22244488977955912 0.7032085561497327 0.2725450901803607 0.7032085561497327 0.2725450901803607 0.5267379679144385
0 0.12625250501002003 0.5481283422459893 0.12625250501002003 0.7647058823529411 0.23647294589178355 0.7647058823529411 0.23647294589178355 0.5481283422459893