0 0.126 0.168 0.126 0.3973333333333333 0.252 0.3973333333333333 0.252 0.168
0 0.3 0.16 0.3 0.42133333333333334 0.398 0.42133333333333334 0.398 0.16
0 0.336 0.472 0.336 0.816 0.492 0.816 0.492 0.472
0 0.282 0.424 0.282 0.72 0.406 0.72 0.406 0.424
0 0.492 0.472 0.492 0.7466666666666667 0.616 0.7466666666666667 0.616 0.472
0 0.478 0.168 0.478 0.488 0.628 0.488 0.628 0.168
0 0.84 0.30133333333333334 0.84 0.424 0.906 0.424 0.906 0.30133333333333334
0 0.778 0.38666666666666666 0.778 0.6106666666666667 0.842 0.6106666666666667 0.842 0.38666666666666666
0 0.626 0.17066666666666666 0.626 0.4666666666666667 0.74 0.4666666666666667 0.74 0.17066666666666666
0 0.614 0.464 0.614 0.6933333333333334 0.706 0.6933333333333334 0.706 0.464
0 0.734 0.168 0.734 0.42133333333333334 0.816 0.42133333333333334 0.816 0.168
0 0.18 0.3973333333333333 0.18 0.6693333333333333 0.29 0.6693333333333333 0.29 0.3973333333333333
0 0.078 0.368 0.078 0.576 0.146 0.576 0.146 0.368
0 0.708 0.42933333333333334 0.708 0.648 0.782 0.648 0.782 0.42933333333333334
0 0.406 0.16533333333333333 0.406 0.44266666666666665 0.478 0.44266666666666665 0.478 0.16533333333333333
0 0.912 0.19733333333333333 0.912 0.29333333333333333 0.974 0.29333333333333333 0.974 0.19733333333333333
0 0.848 0.18666666666666668 0.848 0.30133333333333334 0.912 0.30133333333333334 0.912 0.18666666666666668
0 0.91 0.296 0.91 0.4026666666666667 0.958 0.4026666666666667 0.958 0.296
0 0.05 0.35733333333333334 0.05 0.544 0.09 0.544 0.09 0.35733333333333334
0 0.056 0.16 0.056 0.35733333333333334 0.124 0.35733333333333334 0.124 0.16
0 0 0.15466666666666667 0 0.352 0.05 0.352 0.05 0.15466666666666667
0 0.006 0.352 0.006 0.52 0.058 0.52 0.058 0.352