0 0.886 0.6686046511627907 0.886 0.8953488372093024 0.944 0.8953488372093024 0.944 0.6686046511627907
0 0.524 0.1569767441860465 0.524 0.438953488372093 0.634 0.438953488372093 0.634 0.1569767441860465
0 0.22 0.4186046511627907 0.22 0.7703488372093024 0.384 0.7703488372093024 0.384 0.4186046511627907
0 0.392 0.11627906976744186 0.392 0.42441860465116277 0.526 0.42441860465116277 0.526 0.11627906976744186
0 0.244 0.06395348837209303 0.244 0.42441860465116277 0.394 0.42441860465116277 0.394 0.06395348837209303
0 0.372 0.7558139534883721 0.372 0.9825581395348837 0.518 0.9825581395348837 0.518 0.7558139534883721
0 0.518 0.7238372093023255 0.518 0.9912790697674418 0.636 0.9912790697674418 0.636 0.7238372093023255
0 0.53 0.438953488372093 0.53 0.7325581395348837 0.634 0.7325581395348837 0.634 0.438953488372093
0 0.384 0.43023255813953487 0.384 0.75 0.52 0.75 0.52 0.43023255813953487
0 0.638 0.7180232558139535 0.638 0.9796511627906976 0.728 0.9796511627906976 0.728 0.7180232558139535
0 0.814 0.688953488372093 0.814 0.9215116279069767 0.884 0.9215116279069767 0.884 0.688953488372093
0 0.048 -0.0029069767441860465 0.048 0.39825581395348836 0.25 0.39825581395348836 0.25 -0.0029069767441860465
0 0.638 0.45058139534883723 0.638 0.7180232558139535 0.728 0.7180232558139535 0.728 0.45058139534883723
0 0.814 0.45930232558139533 0.814 0.686046511627907 0.88 0.686046511627907 0.88 0.45930232558139533
0 0.734 0.45348837209302323 0.734 0.6976744186046512 0.806 0.6976744186046512 0.806 0.45348837209302323
0 0.728 0.21220930232558138 0.728 0.45058139534883723 0.802 0.45058139534883723 0.802 0.21220930232558138
0 0.012 0.4011627906976744 0.012 0.7906976744186046 0.214 0.7906976744186046 0.214 0.4011627906976744
0 0.732 0.6976744186046512 0.732 0.9418604651162791 0.808 0.9418604651162791 0.808 0.6976744186046512
0 0.87 0.2616279069767442 0.87 0.46511627906976744 0.926 0.46511627906976744 0.926 0.2616279069767442
0 0.006 0.7848837209302325 0.006 0.9912790697674418 0.192 0.9912790697674418 0.192 0.7848837209302325
0 0.64 0.19767441860465115 0.64 0.4476744186046512 0.728 0.4476744186046512 0.728 0.19767441860465115
0 0.806 0.24127906976744187 0.806 0.4563953488372093 0.872 0.4563953488372093 0.872 0.24127906976744187
0 0.928 0.2819767441860465 0.928 0.4738372093023256 0.986 0.4738372093023256 0.986 0.2819767441860465
0 0.112 0.8081395348837209 0.112 0.9854651162790697 0.348 0.9854651162790697 0.348 0.8081395348837209
0 0.272 -0.0029069767441860465 0.272 0.10465116279069768 0.414 0.10465116279069768 0.414 -0.0029069767441860465
0 0.944 0.6627906976744186 0.944 0.8633720930232558 0.984 0.8633720930232558 0.984 0.6627906976744186
0 0.882 0.45930232558139533 0.882 0.6773255813953488 0.934 0.6773255813953488 0.934 0.45930232558139533
0 0.932 0.4738372093023256 0.932 0.6656976744186046 0.986 0.6656976744186046 0.986 0.4738372093023256
0 0 0.0755813953488372 0 0.4069767441860465 0.05 0.4069767441860465 0.05 0.0755813953488372
0 0.758 0.06976744186046512 0.758 0.1744186046511628 0.882 0.1744186046511628 0.882 0.06976744186046512
0 0.806 0.1569767441860465 0.806 0.2761627906976744 0.946 0.2761627906976744 0.946 0.1569767441860465
0 0.584 0.0436046511627907 0.584 0.2063953488372093 0.76 0.2063953488372093 0.76 0.0436046511627907