0 0.52734375 0.4726911618669315 0.52734375 0.5431976166832175 0.5552455357142857 0.5431976166832175 0.5552455357142857 0.4726911618669315
0 0.48158482142857145 0.4160873882820258 0.48158482142857145 0.4856007944389275 0.5089285714285714 0.4856007944389275 0.5089285714285714 0.4160873882820258
0 0.5212053571428571 0.5431976166832175 0.5212053571428571 0.6206554121151936 0.5518973214285714 0.6206554121151936 0.5518973214285714 0.5431976166832175
0 0.5881696428571429 0.3624627606752731 0.5881696428571429 0.4260178748758689 0.6138392857142857 0.4260178748758689 0.6138392857142857 0.3624627606752731
0 0.5245535714285714 0.15789473684210525 0.5245535714285714 0.20953326713008938 0.546875 0.20953326713008938 0.546875 0.15789473684210525
0 0.5926339285714286 0.2701092353525323 0.5926339285714286 0.323733862959285 0.6149553571428571 0.323733862959285 0.6149553571428571 0.2701092353525323
0 0.5418526785714286 0.24528301886792453 0.5418526785714286 0.282025819265144 0.5764508928571429 0.282025819265144 0.5764508928571429 0.24528301886792453
0 0.6171875 0.03277060575968222 0.6171875 0.15988083416087387 0.6930803571428571 0.15988083416087387 0.6930803571428571 0.03277060575968222
0 0.49888392857142855 0.3138033763654419 0.49888392857142855 0.3723932472691162 0.5234375 0.3723932472691162 0.5234375 0.3138033763654419
0 0.6026785714285714 0.18669314796425024 0.6026785714285714 0.23435948361469713 0.6244419642857143 0.23435948361469713 0.6244419642857143 0.18669314796425024
0 0.5424107142857143 0.12909632571996027 0.5424107142857143 0.17378351539225423 0.5630580357142857 0.17378351539225423 0.5630580357142857 0.12909632571996027