0 0.498 0.022556390977443608 0.498 0.35902255639097747 0.722 0.35902255639097747 0.722 0.022556390977443608
0 0.722 0.06390977443609022 0.722 0.36466165413533835 0.886 0.36466165413533835 0.886 0.06390977443609022
0 0.32 0.14285714285714285 0.32 0.3684210526315789 0.402 0.3684210526315789 0.402 0.14285714285714285
0 0.514 0.6597744360902256 0.514 0.9755639097744361 0.73 0.9755639097744361 0.73 0.6597744360902256
0 0.512 0.3533834586466165 0.512 0.6729323308270677 0.726 0.6729323308270677 0.726 0.3533834586466165
0 0.732 0.3684210526315789 0.732 0.6334586466165414 0.87 0.6334586466165414 0.87 0.3684210526315789
0 0.268 0.17481203007518797 0.268 0.38345864661654133 0.324 0.38345864661654133 0.324 0.17481203007518797
0 0.726 0.6296992481203008 0.726 0.924812030075188 0.876 0.924812030075188 0.876 0.6296992481203008
0 0.398 0.08834586466165413 0.398 0.3609022556390977 0.506 0.3609022556390977 0.506 0.08834586466165413
0 0.418 0.37218045112781956 0.418 0.631578947368421 0.514 0.631578947368421 0.514 0.37218045112781956
0 0.416 0.6334586466165414 0.416 0.8928571428571429 0.514 0.8928571428571429 0.514 0.6334586466165414
0 0.01 0.5300751879699248 0.01 0.6578947368421053 0.112 0.6578947368421053 0.112 0.5300751879699248
0 0.006 0.39849624060150374 0.006 0.5244360902255639 0.116 0.5244360902255639 0.116 0.39849624060150374
0 0.326 0.37781954887218044 0.326 0.5902255639097744 0.414 0.5902255639097744 0.414 0.37781954887218044
0 0.278 0.575187969924812 0.278 0.7781954887218046 0.344 0.7781954887218046 0.344 0.575187969924812
0 0.34 0.5921052631578947 0.34 0.8270676691729323 0.418 0.8270676691729323 0.418 0.5921052631578947
0 0.226 0.20300751879699247 0.226 0.39285714285714285 0.27 0.39285714285714285 0.27 0.20300751879699247
0 0.186 0.2274436090225564 0.186 0.38533834586466165 0.226 0.38533834586466165 0.226 0.2274436090225564
0 0.236 0.5620300751879699 0.236 0.7462406015037594 0.288 0.7462406015037594 0.288 0.5620300751879699
0 0.196 0.5526315789473685 0.196 0.7142857142857143 0.242 0.7142857142857143 0.242 0.5526315789473685
0 0.276 0.3815789473684211 0.276 0.575187969924812 0.33 0.575187969924812 0.33 0.3815789473684211
0 0.16 0.2462406015037594 0.16 0.37781954887218044 0.186 0.37781954887218044 0.186 0.2462406015037594
0 0.212 0.556390977443609 0.212 0.731203007518797 0.272 0.731203007518797 0.272 0.556390977443609
0 0.13 0.26127819548872183 0.13 0.39097744360902253 0.158 0.39097744360902253 0.158 0.26127819548872183
0 0.1 0.2706766917293233 0.1 0.40037593984962405 0.128 0.40037593984962405 0.128 0.2706766917293233