0 0.002 0.5259593679458239 0.002 0.7900677200902935 0.16 0.7900677200902935 0.16 0.5259593679458239
0 0.738 0.4288939051918736 0.738 0.5643340857787811 0.822 0.5643340857787811 0.822 0.4288939051918736
0 0.202 0.4582392776523702 0.202 0.6139954853273137 0.274 0.6139954853273137 0.274 0.4582392776523702
0 0.28 0.44469525959367945 0.28 0.6049661399548533 0.352 0.6049661399548533 0.352 0.44469525959367945
0 0.474 0.43792325056433407 0.474 0.5733634311512416 0.57 0.5733634311512416 0.57 0.43792325056433407
0 0.138 0.5056433408577878 0.138 0.7268623024830699 0.208 0.7268623024830699 0.208 0.5056433408577878
0 0.358 0.44243792325056436 0.358 0.5914221218961625 0.408 0.5914221218961625 0.408 0.44243792325056436
0 0.52 0.4401805869074492 0.52 0.5688487584650113 0.576 0.5688487584650113 0.576 0.4401805869074492
0 0.824 0.4221218961625282 0.824 0.5417607223476298 0.882 0.5417607223476298 0.882 0.4221218961625282
0 0.882 0.4153498871331828 0.882 0.5237020316027088 0.932 0.5237020316027088 0.932 0.4153498871331828
0 0.406 0.43792325056433407 0.406 0.582392776523702 0.474 0.582392776523702 0.474 0.43792325056433407