0 0.444 0.25866666666666666 0.444 0.5413333333333333 0.588 0.5413333333333333 0.588 0.25866666666666666
0 0.3 0.0026666666666666666 0.3 0.2613333333333333 0.432 0.2613333333333333 0.432 0.0026666666666666666
0 0.314 0.2613333333333333 0.314 0.528 0.438 0.528 0.438 0.2613333333333333
0 0.08 0.0026666666666666666 0.08 0.2693333333333333 0.198 0.2693333333333333 0.198 0.0026666666666666666
0 0.19 -0.0026666666666666666 0.19 0.26666666666666666 0.3 0.26666666666666666 0.3 -0.0026666666666666666
0 0.452 0.544 0.452 0.8106666666666666 0.59 0.8106666666666666 0.59 0.544
0 0.21 0.272 0.21 0.5226666666666666 0.314 0.5226666666666666 0.314 0.272
0 0.214 0.52 0.214 0.7653333333333333 0.32 0.7653333333333333 0.32 0.52
0 0.442 -0.0026666666666666666 0.442 0.2613333333333333 0.588 0.2613333333333333 0.588 -0.0026666666666666666
0 0.322 0.5306666666666666 0.322 0.7893333333333333 0.442 0.7893333333333333 0.442 0.5306666666666666
0 0.104 0.27466666666666667 0.104 0.512 0.206 0.512 0.206 0.27466666666666667
0 0.122 0.5146666666666667 0.122 0.7386666666666667 0.216 0.7386666666666667 0.216 0.5146666666666667
0 0.002 0.02666666666666667 0.002 0.2693333333333333 0.086 0.2693333333333333 0.086 0.02666666666666667
0 0.624 0.2613333333333333 0.624 0.4693333333333333 0.692 0.4693333333333333 0.692 0.2613333333333333
0 0.626 0.472 0.626 0.6693333333333333 0.688 0.6693333333333333 0.688 0.472
0 0.698 0.072 0.698 0.2613333333333333 0.742 0.2613333333333333 0.742 0.072
0 0.024 0.2826666666666667 0.024 0.496 0.106 0.496 0.106 0.2826666666666667
0 0.034 0.504 0.034 0.7253333333333334 0.124 0.7253333333333334 0.124 0.504
0 0.696 0.42933333333333334 0.696 0.5973333333333334 0.742 0.5973333333333334 0.742 0.42933333333333334
0 0.624 0.032 0.624 0.25333333333333335 0.694 0.25333333333333335 0.694 0.032
0 0.696 0.25333333333333335 0.696 0.432 0.748 0.432 0.748 0.25333333333333335
0 0.586 0.5066666666666667 0.586 0.7386666666666667 0.628 0.7386666666666667 0.628 0.5066666666666667
0 0.586 0.256 0.586 0.5093333333333333 0.626 0.5093333333333333 0.626 0.256
0 0.584 0 0.584 0.256 0.628 0.256 0.628 0