0 0.754 0.6133333333333333 0.754 0.9946666666666667 0.978 0.9946666666666667 0.978 0.6133333333333333
0 0.64 0.4666666666666667 0.64 0.7093333333333334 0.774 0.7093333333333334 0.774 0.4666666666666667
0 0.604 0.416 0.604 0.5973333333333334 0.698 0.5973333333333334 0.698 0.416
0 0.562 0.37866666666666665 0.562 0.49866666666666665 0.63 0.49866666666666665 0.63 0.37866666666666665
0 0.546 0.35733333333333334 0.546 0.456 0.602 0.456 0.602 0.35733333333333334
0 0.528 0.3413333333333333 0.528 0.4186666666666667 0.57 0.4186666666666667 0.57 0.3413333333333333
0 0.508 0.33066666666666666 0.508 0.3973333333333333 0.542 0.3973333333333333 0.542 0.33066666666666666
0 0.484 0.31733333333333336 0.484 0.368 0.51 0.368 0.51 0.31733333333333336
0 0.468 0.31466666666666665 0.468 0.3626666666666667 0.486 0.3626666666666667 0.486 0.31466666666666665
0 0.458 0.30666666666666664 0.458 0.3466666666666667 0.478 0.3466666666666667 0.478 0.30666666666666664
0 0.418 0.30666666666666664 0.418 0.33866666666666667 0.434 0.33866666666666667 0.434 0.30666666666666664
0 0.39 0.30133333333333334 0.39 0.3333333333333333 0.412 0.3333333333333333 0.412 0.30133333333333334
0 0.368 0.2986666666666667 0.368 0.3253333333333333 0.38 0.3253333333333333 0.38 0.2986666666666667
0 0.052 0.32 0.052 0.4106666666666667 0.092 0.4106666666666667 0.092 0.32
0 0.092 0.32 0.092 0.4053333333333333 0.114 0.4053333333333333 0.114 0.32